0
1.8365126571145773 0
0.13469663458607561 1.8856809502741207 0
1.318777651976491 0.8584758880095196 1.4170486105204754 0
0.509997224579271 1.5738481342341106 0.6390830433789317 0.8917637569418535 0
1.9535733798693506 1.1669959584825234 1.9202838954238113 1.7512015610726537 1.998239709757232 0
1.3235470016256476 1.9009473302519206 1.2195593377322753 1.9837380538326614 1.662139288697038 1.1810787640107976 0
0.7819741450490327 1.9999704267180967 0.6562244254111119 1.801687692770817 1.2255226814541722 1.6305514190995023 0.6319385786804903 0
0.16070846815144435 1.8942124405591043 0.02608250796473394 1.4353341750193547 0.6637437566695699 1.912830196545605 1.1987833866180022 0.6315300717521996 0
1.7882048090473637 1.5306102752796678 1.7238191516959616 1.935007266379287 1.9574979680788103 0.4918733884812068 0.7478568208488707 1.295639899010113 1.7104471078481107 0
0.21076417739461045 1.7428268262977136 0.3442322600025534 1.1529814930673787 0.3033608479745316 1.9878442016977833 1.474187945365846 0.9716065023297781 0.36989625621199534 1.8726411246774333 0
1.0795301344898574 1.9734845563525638 0.9636893461364703 1.921760738541715 1.473166070500668 1.4132979594825377 0.3048547681177439 0.3353172887885185 0.9407524222847699 1.021857731639395 1.2509436939660517 0
1.872857712038857 0.09727211485787135 1.9158647614132436 0.9453152810940709 1.6320073334500302 1.0866187928743134 1.8684650162288428 1.9981325717847171 1.9231873579992704 1.4661879863321836 1.788481079576035 1.9553622883067396 0
1.002695739327825 1.1919808984605107 1.116964842108923 0.3872380908972932 0.5282750787590651 1.9051129402099949 1.8969183356220751 1.5994771711813252 1.1385057215302923 1.9963066207636069 0.8147497126057013 1.778143942138189 1.268678952133574 0
1.9057369739581858 0.19747819510932296 1.9422748032376342 1.0326414381884865 1.6880111880613744 1.0009183407196165 1.8302808460171092 1.9912711911165517 1.9483308500021361 1.396020401064049 1.8311830514204455 1.9317911098012248 0.10044771220912296 1.3447294282057785 0
0.7511566486489042 1.404614873689787 0.8742867484111088 0.657509671602233 0.25366381277273525 1.9714620453844118 1.7897960123647267 1.4160880340423152 0.89767079305787 1.9937064645722997 0.5516397916905446 1.6328339025565808 1.4721980727788428 0.2793538995316196 1.538330567577204 0
1.042772162018473 1.1542109214938683 1.1553440265724968 0.3413822435277536 0.5731083044844066 1.8904016894352054 1.9111805999482672 1.6270383832137345 1.1765361173583504 1.992931163448578 0.8571163265201084 1.799007600654746 1.2322841720619444 0.04663301664329402 1.3098451480766407 0.3254538315878409 0
1.9945858608927103 0.9248697400016296 1.9801528217487763 1.596504876177194 1.9661482986493988 0.2836205525600195 1.398026899516541 1.7783098300270663 1.9763190513554598 0.761811845606757 1.9989773233768182 1.5996947402459962 0.8375285812924407 1.7995363012900845 0.7452555464370766 1.9037968553349995 1.7786978980035308 0
0.45124621250562913 1.9678449756682517 0.318998232288813 1.6240203724722482 0.9331754284328595 1.8065364488765092 0.9511178850274412 0.34648539436540804 0.2932225028768655 1.5399990566093127 0.6540631382547258 0.6718279424680901 1.9828885748528662 1.36727978913838 1.9934976366051225 1.1499985968424358 1.4009417558786779 1.9099742025034208 0
0.8657376490550828 1.3127166165087887 0.9851952264842705 0.5379578715925563 0.3773770629557687 1.9465156208036678 1.8421674369234338 1.501737621359976 1.0078099350344591 1.9997210983928708 0.6709222268112743 1.701941456118688 1.3845499845237772 0.1548111397245301 1.4552891266117367 0.12522220492335007 0.2012621547663975 1.8616918014658894 1.2501933353620442 0
1.2463598044110455 0.9427554310179095 1.3488733195300786 0.09437177204487252 0.806299043866684 1.794835856729385 1.969518398202289 1.7587099710531948 1.3680161791184509 1.9567144854175942 1.0745856946853742 1.8934825792952092 1.0274270783202089 0.2942208012908938 1.1123107477691467 0.567651143131132 0.24801515935131974 1.6515688631341832 1.567131969061908 0.4464648537755829 0
1.9183164594680293 1.279121946121832 1.875859319293233 1.8152370743586212 1.9991626024474791 0.1416766866553442 1.0637773326160465 1.5444140212171664 1.8666537149270659 0.35331249483804306 1.9672537826814938 1.3095021213791809 1.202831188718286 1.943447919358766 1.1210618706522881 1.9903575243624443 1.931908583312767 0.4231529251772789 1.7412079685906905 1.9741709399665042 1.852832010701749 0
1.1811961030970612 1.9497407848284176 1.0698186372444782 1.9522342706483033 1.553697798314382 1.3234379882877985 0.18251003592165638 0.45614190995095694 1.0476903009354954 0.914006744686742 1.3446984744025587 0.12320543228664664 1.9257638158013626 1.8311662361491814 1.8962203256706054 1.7008793033466487 1.849420880947322 1.5227081927417572 0.7865982663612904 1.7634181516087741 1.9295579427644782 1.2138908885006094 0
1.9053004020736364 1.3128987272606663 1.8600174735481876 1.833407432489444 1.9973879166065749 0.18587736588870735 1.025962185148313 1.515857561662351 1.8502729987458528 0.3095761702628076 1.9587780455568335 1.2756607856839945 1.2379658251301888 1.9534412851423544 1.157511414269606 1.9942176153245006 1.9429067168766825 0.46639185816070167 1.718961877583463 1.9807896998349108 1.8690731530751918 0.04434691999323541 1.17834801327838 0
0.4921377387795576 1.9749241075637236 0.36046532296485534 1.6482185124072266 0.9701843701834244 1.7880826461526418 0.9138934893004911 0.3049685854045783 0.3347792877120271 1.512811630269531 0.6936810935610572 0.6320478412544807 1.98794195768069 1.3976853152864444 1.996446583660786 1.1841690027795118 1.4306607821442137 1.897069636452474 0.04207635203086752 1.2827592187427201 1.592927518980104 1.7201216813366658 0.7477387282876213 1.6970733489102277 0
1.9967405911599607 0.6858762910010824 1.9998939038186307 1.425893781112164 1.901626675554141 0.5392168315323826 1.5724962070601147 1.8824180669215367 1.9994551772083256 0.9963146057444102 1.9735944675671873 1.7424941682985733 0.5936912641235749 1.6704496245379172 0.49702193760667757 1.8076935416255133 1.6443515860631253 0.2606493329572819 1.9710056706892074 1.7505697377758849 1.490480703167553 0.674292620789418 1.6787100013857912 0.7158773464987138 1.963430804099326 0
1.9993189239206393 0.8396275084095418 1.9912645820893424 1.5375059201272094 1.9465327632085547 0.377303772894647 1.4643588156569058 1.8197596980473314 1.988660145353711 0.8487565463429159 1.993686262861928 1.6548874905556716 0.7503486943154148 1.756067882274064 0.6562913083748453 1.8725516918145468 1.7332719801529677 0.094962817697418 1.9359904503443457 1.8248914895087793 1.5961484064194134 0.5154886572722143 1.5825586039941806 0.5582104960003161 1.9250021198916711 0.16620243712800442 0
1.9708522992936963 0.46803313500329125 1.9892899372456825 1.2573617762191824 1.8189462517539265 0.7544949876792795 1.7026958959711993 1.946981682683202 1.991816414379289 1.1868514323095705 1.9240264219706513 1.8427265879284946 0.3729081269888109 1.5347093382984867 0.27375128266834003 1.698792895596532 1.5043899435577828 0.4842054187198787 1.9967919095169968 1.6293731798431748 1.3293507050093494 0.8838081000150384 1.791336520810239 0.9233727567770846 1.9939677166949277 0.22718063219727888 0.39152156064903154 0
0.8872526067270693 1.9972444914914764 0.7645213996743035 1.8489425363917025 1.3149868571844925 1.560753449948069 0.5210018458099359 0.1158093955796102 0.7403547247889051 1.205243121700521 1.0712015674874242 0.22058453884329515 1.9897765458304988 1.6663194176676517 1.977122028547274 1.4954929258180165 1.6916559726636908 1.7223309207925468 0.45996229254980925 1.5757043543004923 1.8109036464133705 1.4682407388512368 0.342619373769691 1.437767338176669 0.4189119915461082 1.8401363075048074 1.7686602917958512 1.9172262524851533 0
1.4331443288191132 1.8484972037954832 1.3359377611419867 1.9973054028379968 1.7414962860116359 1.0556427601700864 0.15124260269127004 0.7736234481093704 1.316413831070515 0.6054443182740339 1.5721750479699739 0.45345713339091986 1.8091719930044254 1.9394154030446782 1.7640688179275033 1.8521662738702063 1.9502791054619342 1.2858689291696543 1.0814401398978621 1.895781106820745 1.9901835136525325 0.9326569254687531 0.33259898992192266 0.8931978192370991 1.0458060515653875 1.4745390794088544 1.3571526603475728 1.6184783261330158 0.6655307541257675 0
1.928406456990652 0.2766452495405015 1.959744803447336 1.1000871735902058 1.7294229917416204 0.9311102430062755 1.7966911922610151 1.9822495848745438 1.9647848616956471 1.337829261801724 1.8617815676100995 1.9096157405793364 0.17998079863119892 1.4026664418788144 0.07971350134093352 1.5880491208267358 1.369043523317538 0.6706907630100488 1.9983362609318942 1.5088125838389166 1.1776750741509054 1.0541576596560438 1.8693693261104485 1.0915852227191742 1.999609868907267 0.419414190351608 0.5804702853176972 0.1945705040997467 1.9635285064973702 1.7251072900484767 0
1.7842226326622352 1.5362932868916939 1.7193135488314968 1.9372267045550269 1.9556635016995623 0.5004490788741588 0.739639267602647 1.288883504981038 1.7058425133155841 0.008852402255203444 1.86951429157815 1.0142379933096053 1.4721943848185624 1.9968248057817548 1.4023458234958583 1.9929852105050578 1.9936552612789233 0.7699894364272779 1.5343357451058721 1.9995536767326456 1.9585270832311645 0.3620222109732832 0.9061238897418753 0.3183188481610212 1.5070064317121128 1.0039806462045016 0.8567639496352961 1.1939650053903397 1.1981668586179712 0.5970013501761825 1.3443964947695117 0
1.9970821755694745 0.6916510842678716 1.9998210886359977 1.4302002639744928 1.9035230580869194 0.533291005357047 1.5686879695754172 1.8803311875877466 1.9993021563507203 0.9909764010520166 1.9745813608607474 1.7394667174538743 0.5995622497797045 1.673824239284759 0.502977671987513 1.810316757360228 1.6478451934124876 0.254549511171626 1.9699527683756177 1.7535361532023037 1.4945751485472785 0.6684985126912124 1.6753584523374432 0.7101304488905129 1.9622506377624795 0.006151049071037875 0.16007187780420506 0.23329079524041005 1.8377178799585658 1.4703764648115958 0.42542648265815886 0.9986560202225213 0
1.5137440467122354 0.6008547057489916 1.598339879577853 0.27613150648821844 1.130386443717903 1.601049103375265 1.999881206514309 1.9043136775145089 1.6138822855181614 1.8466540120276846 1.3675675336284838 1.9798345770597423 0.692922234608185 0.6544357485224389 0.7862741731350589 0.9119955636502555 0.610192010464768 1.4148948842705598 1.7696295282342052 0.7987608564518985 0.36929191042863907 1.6819337948920492 1.9935260061732782 1.7055157951916475 1.7888430412001592 1.218609697010554 1.3461825686112086 1.0305827421390061 1.936510945887898 1.9925063611308256 0.8589443626820117 1.850035374824678 1.2234813223128922 0
1.9893692507213532 0.9768661956401131 1.9709829366707712 1.6314044067524223 1.976117135949509 0.22499495357339921 1.3551542006387733 1.7504891940973428 1.9663884698544585 0.7068354158144395 1.9999941102984153 1.5635247524701112 0.8908303613078179 1.8245394095844905 0.7997728591266438 1.9210742506195753 1.804942959720781 0.05909901012958597 1.8916085878393212 1.8824743200409777 1.6841786600103947 0.36520704779517266 1.4837272207852894 0.40871855638481935 1.8775261679385995 0.319130488744403 0.15395370279458595 0.5413348265441954 1.6915373204785327 1.2400422290344852 0.7260747816403895 0.7151096098360805 0.31305674139047157 1.4560461935798634 0
1.2456449086084687 0.9435613569132101 1.348198393666799 0.09528467502015452 0.8054625903911654 1.7952388786524824 1.9693592386866021 1.7582746039201174 1.3673493471191596 1.9569033943800183 1.07381477710655 1.8931881002272053 1.028211088763125 0.293316783234682 1.1130701797495128 0.5667747375883897 0.24710825700851183 1.652084134780676 1.5665639723746152 0.4455739391485115 0.0009139308325622529 1.85317591358603 1.9293173209672037 1.8693981958352937 1.5923747112424418 1.4910899529120376 1.5966989371812599 1.330033393459808 1.810515540265835 1.9900928664331272 1.1784136370828837 1.9587120324603473 1.495182300248098 0.37019008775772566 1.6846714018643771 0
0.2840510646504991 1.7054155290944057 0.41673734776151244 1.0918590129882106 0.23016664046806146 1.9946177934105505 1.5230843698382357 1.0354867808444876 0.4422119142557117 1.8972936098808857 0.0738417532165577 1.3077055774616453 1.7542110919851268 0.7467574134285648 1.800242055787512 0.48028629678962864 0.7898148655348961 1.9952532978162014 0.7233986400862314 0.6009018636715275 1.0115752125089124 1.9792200267319624 1.3984418309894102 1.9723573156495182 0.762466096871618 1.9602894041966459 1.9864641901635134 1.9025555928081423 1.1328284560728392 1.6167458367579493 1.8335379736019872 1.8944746802492722 1.9614997849274503 1.312753917665256 1.998451294064116 1.0107866971091526 0
0.23351321344063436 1.9164200181957336 0.09920764260029867 1.4853136701780625 0.7323027263060289 1.8901901614511232 1.1394289286073016 0.5617012113464148 0.07314880621963633 1.671392656563071 0.4415356345166314 0.8755716620428512 1.9419782774970504 1.197884190149381 1.963546891122687 0.9624370211803657 1.2349018876564506 1.9637735426716267 0.2206679433378987 1.0703185894188603 1.4204610674080949 1.8391423413570436 0.9846801841211756 1.821265221085195 0.26243856135758464 1.9964101249751323 1.9795511220102573 1.9970942556337605 0.6719069823521161 1.2604639285499388 1.9771366138561666 1.6665146173024725 1.9960323049096405 1.656006504998772 1.9517185886709496 1.419817539972116 0.5132544027316301 0
1.9442866894695299 1.2003661920537816 1.9083010793783122 1.7708232709191696 1.9995481059376925 0.041398424265996644 1.1474168223575716 1.6062293618266275 1.9003315930009292 0.4516410951647253 1.9828609290300112 1.3837031115471004 1.1211413076340548 1.9173048700445277 1.0365449978796395 1.9780081747042966 1.9035128166745834 0.3245398322068837 1.7883863106652635 1.9556084384847718 1.812715526574951 0.10035190867503528 1.292115890582906 0.14461829633998555 1.7691536940935753 0.5789667458019745 0.4178780101087345 0.7926729333154805 1.534532221479065 1.0202546118887068 0.9675491384388321 0.4602604061591492 0.5730763277510913 1.6255161499835475 0.26608237553299835 1.8131014832063588 1.991155352994711 1.8762563670063324 0
0.04217419925943852 1.8194038806336514 0.17674512754013436 1.2867777607650814 0.4691038427408365 1.962173304150593 1.3548708596192602 0.8206172386062468 0.20271055691942796 1.8066954337792582 0.16877794727009104 1.1147929958095146 1.8576441330236455 0.9659817330581432 1.892518255821446 0.7119029694050468 1.0065521681222598 1.9972434614373713 0.4922325978900662 0.8275269218854276 1.2130991315414572 1.9298197269387445 1.2149665952389566 1.9177005855053355 0.5329057498106856 1.9938898048720135 1.999974904839289 1.9632400736356108 0.9248523370397677 1.4622427089526175 1.9167945668813646 1.8028808612647638 1.9943608211096628 1.4858439533302137 1.9932695101115447 1.2123723881282913 0.24224122455983413 0.27534704128844967 1.953739451211053 0
0.511032841123575 1.9779112084208066 0.3796472120602037 1.6591960090992486 0.987206542394348 1.7792534190354836 0.8964882044259652 0.285663621661689 0.3540066452725238 1.4999723560118106 0.7119551114262326 0.6134993563612927 1.989987382359259 1.4115799945700367 1.997514508694346 1.199842253028984 1.4442320466876748 1.890798250729648 0.06158872191596414 1.2976733334835142 1.60465434411851 1.7100814917029128 0.7295998934406935 1.6866644735448273 0.019518693723076432 1.959621825622932 1.9196154538141454 1.9923579268672227 0.39980630996268735 1.029118664698391 1.9999001496604987 1.4941022103122845 1.958382800468919 1.7974870966804473 1.8707113278117633 1.604108665428588 0.7804744073571827 0.2817759858617643 1.759966029882681 0.5516934238203167 0
0.11815259817929812 1.7865182982951273 0.2523457185135961 1.2276469978368456 0.3948598583200258 1.9754713808824886 1.4098148428756523 0.8893556027479029 0.27819832246724735 1.8379977835764458 0.09290136998293078 1.177107415106715 1.8281319830576883 0.8987134607564781 1.866562979715931 0.640342007104505 0.94012884827596 1.999790138410704 0.5655640914551883 0.7577161351191508 1.1517783909754404 1.948387899326942 1.2744782250718747 1.9378992102441668 0.6057978886324886 1.9865104957126622 1.998910271111904 1.9473119409254016 0.9915927537674218 1.513054268438661 1.893708580498212 1.83448963002974 1.987214304434819 1.4338800680587582 1.9980607448320122 1.151031106895567 0.16660007635951393 0.3504498760543413 1.96858438095761 0.07602578528415822 0.6243707961923118 0
0.9096949265160296 1.2753149839574098 1.0275861821903105 0.4905524264834837 0.42543380112849827 1.9346622483322733 1.8607121774038817 1.5336819399008053 1.0498753476776341 1.9999387289977553 0.7169294494462695 1.7271919321284812 1.348736390552685 0.10586037843427387 1.4212043790973894 0.17413966287923136 0.15239924570037827 1.8432078495294328 1.2881041890093212 0.04905136353204276 0.3985169928396235 1.9657193515812608 1.7860298302572155 1.9734116445552263 1.3200067333868428 1.726321550162773 1.804270857111943 1.6004381050267251 1.6054393708718333 1.9108384312482738 1.4761610377199916 1.9999884305980806 1.7294192297949704 0.7535510206772069 1.8653411523502323 0.39762134748660877 0.6475061692900738 1.1114328342752917 1.9447429176303825 0.8719335992815525 1.3346075353652749 0.8028830335164838 0
1.757566299971812 0.18045042656736204 1.817855892762615 0.6919932162373102 1.4560821102541692 1.3087826589426532 1.9492790168524932 1.9908320134984032 1.828576486601063 1.6405176120801224 1.6471986725234862 1.9947216855977024 0.27711225515763854 1.0422191080744176 0.37624138766621296 1.2704280690525978 1.002134959483379 1.0810945128106488 1.9275911715734275 1.1712218536521948 0.7797653943534719 1.412624432186766 1.9819879942877505 1.443670327199369 1.9383838753072529 0.8525864171785322 0.9999816548288634 0.6415639984272906 1.9985676157404613 1.9098522859961133 0.454232717736642 1.6455650503476305 0.8581465319143934 0.4262895875114223 1.1303432224599603 0.7806069194256754 1.6041946208149789 1.8569830087122006 1.3398059195133156 1.73704906526768 1.9430991475083403 1.6981117208986614 1.1311088938425178 0
0.09929989773913707 1.7949262308835015 0.23360495039287393 1.242497307875801 0.41335105116097104 1.9724354573814082 1.396360159344436 0.8724049668096875 0.25948906194994 1.8304720899917808 0.11175726130319677 1.1617909420852415 1.8357077649582074 0.9155402748120592 1.8732606252261335 0.6582000152078333 0.956751413153315 1.9994275225083686 0.5474290984975191 0.7751553380575362 1.167162327936731 1.94403953430405 1.2598709411852542 1.9331445198595134 0.5877774347402218 1.9886111292251762 1.9994443773342716 1.9515303190312128 0.9751520873333182 1.5006397702030043 1.8996973230385774 1.8268873663296579 1.989257220714368 1.4469783669368885 1.997140477173346 1.1664200441402641 0.18540744486059474 0.33184595898842306 1.965163379313317 0.057155632643858346 0.6064061839130709 0.018880410791034287 0.820139535863341 1.708010632695271 0
0.44065114885618467 1.6168910003391481 0.5710373131870453 0.9550880707613993 0.07138090425726062 1.9999608017945625 1.6213805273323556 1.1683318465174832 0.5959855270815709 1.9416133207419919 0.23261257687895381 1.4239492365747979 1.6722290678357072 0.5967843240450584 1.7252197764503887 0.3243066498595229 0.6411306510912749 1.9779732131345407 0.8694462752820252 0.4472353212720008 0.8711084462013712 1.9958235299945348 1.5077602949332445 1.9924683836940014 0.9071462977440926 1.9225264001221518 1.9616873246859343 1.8474649065029443 1.2603663936645788 1.7052866866080356 1.764173570918973 1.939470934438346 1.9242127342908926 1.1885525542696311 1.9858564192856754 0.8702856689908953 0.15911336138657042 0.6654122917406801 1.9997914948374733 0.3994153398093129 0.9244985279242104 0.3246323762724569 0.4949100260118196 1.5040884332837827 0.34324794458662927 0
0.49575146088183986 1.9755093598144153 0.3641328693839955 1.6503280055625007 0.9734437687988708 1.786408894621949 0.9105747610045563 0.30128242229519586 0.33845533227617547 1.5103696926791785 0.6971776346858632 0.6285086185359634 1.988347389027386 1.4003503215076134 1.9966653164494186 1.187172251307162 1.433264239438099 1.8958853884983604 0.045804696616148166 1.2856181524605952 1.59517977191329 1.718216062984832 0.744278624887085 1.695097119785891 0.0037292431130437004 1.962717512316597 1.9239871121390548 1.9936748268318847 0.4152647419877691 1.0426254558669443 1.9996800482038521 1.504552042586361 1.9615260917229715 1.7905077419736015 1.876237943693833 1.5946283221830624 0.7659123782198262 0.26613510285267233 1.7674113202168371 0.536499246722289 0.015789594278405438 0.6093508887762189 1.322806079706711 1.939299043150578 0.5913409713463007 0.9104682932652834 0
0.863759224121228 1.9984451773198992 0.7403109744396213 1.8388227777364434 1.2951870100121377 1.5769593335878012 0.5461848179457928 0.08971375418898316 0.7160181552532299 1.225992385171424 1.0490444450045704 0.24653590057135866 1.992245336180061 1.6517266836409434 1.9808941899557515 1.4780156427869695 1.6775726082343256 1.7354662452596656 0.43449383760960253 1.5594775808650427 1.7996584053798492 1.4858579311650193 0.36833346372100156 1.4558081064695325 0.3933262433057967 1.8502157437580211 1.780708258965687 1.9245020291517374 0.02612959972872816 0.6901144170618168 1.968328224573771 1.2189862178885977 1.8478714129312979 1.9298142436243495 1.705334393238999 1.7992595221268077 1.1111978273455112 0.6472387261592771 1.551158918590671 0.9016053894331117 0.37416999622010777 0.9688161648874525 1.5897197922766193 1.9974082956804573 0.9522556152896713 1.2399705879683363 0.38966914437348654 0
1.0017883787651995 1.192822682900369 1.1160949286941213 0.3882667109095175 0.5272637296407282 1.9054318062747377 1.8965858013673595 1.5988474773866936 1.1376435157775464 1.9963700385584946 0.8137920332083581 1.7776637219859364 1.269489336746733 0.0010485144888517006 1.3455053748345147 0.2783156251078605 0.047681239667492555 1.7999935924559054 1.3665143749286799 0.15376574983175714 0.29525786759193245 1.943695227285474 1.8307443466552615 1.953665939027687 1.3969351465613487 1.6710259821571671 1.756569458273813 1.5353814588990817 1.6657393261323132 1.9391590177347526 1.4034136654574976 1.9968835905158802 1.674397900337118 0.6554264512226171 1.824968619923145 0.29435392003739164 0.7457846259264388 1.1970443831649933 1.9176029923233584 0.9650634944024269 1.4108370107807906 0.8977766443069464 0.10481331918963539 1.043113861267403 0.9146079456081799 0.5957834943468998 1.399601520015253 1.6511352304529612 0
0.10609359823749441 1.7919152639765203 0.2403597007368711 1.237159460680472 0.40669286801566285 1.9735495668974257 1.401222260658338 0.8785212882890534 0.26623272585781843 1.833202418186137 0.10496457877342788 1.1673214422234288 1.8329970431137586 0.9094869297018452 1.8708666840613732 0.6517724850012225 0.9507720828495564 1.9995787090478179 0.5539688094723414 0.7688799057055928 1.1616314397463017 1.945626228528543 1.2651469258221908 1.9348775023504603 0.5942762913652471 1.9878746890288161 1.9992724725598139 1.9500304687042733 0.9810857206344468 1.5051281608469254 1.8975590731112906 1.829645246133821 1.988541582833959 1.442273874370117 1.9974925637097256 1.1608873467101652 0.17863300165854373 0.3385524104941898 1.9664161588727593 0.06395518837819907 0.612885111974501 0.012077939940562799 0.8139303930528697 1.7044615691515541 0.006802664760751308 0.3365442286204863 0.5978360682536201 0.9582322076726033 0.908552974155381 0
0.097461364716397 1.872924182195924 0.03729652778481631 1.39048254149252 0.6036307550027253 1.9303748288287055 1.2489074091985104 0.6913420574670854 0.06337132843270965 1.7424310422852216 0.30743246083879 0.9962030967218514 1.904827724478109 1.0858325288020763 1.933041057616082 0.840590522685531 1.1246991205547794 1.9850497687362967 0.3557618207073529 0.9525663351714149 1.3211015120969356 1.8884685069273852 1.1011447919181492 1.8734018969973454 0.3970884003286691 1.9999302946154112 1.994400367196251 1.9850893859569199 0.7988524791043147 1.3634611229960556 1.9519587022450777 1.738068323364748 1.9999721905793761 1.5756428027604354 1.9769703466814121 1.3204152118997128 0.3801869974223291 0.13644100572971476 1.919133100955407 0.13956378783542753 0.41619960386060895 0.215303373069688 0.9954102728291314 1.8019888711609708 0.19652308868887897 0.5351940223707135 0.4007427111247563 0.7748295872867264 1.084951850918839 0.20329169600445826 0
1.6847474054825462 0.32254807081500314 1.7535094112734375 0.5559154920927456 1.3542176963663863 1.4136655841041001 1.9763128778598937 1.9720360898890117 1.7659043559906504 1.718187832378124 1.5617868920660345 1.9999989295538327 0.4181651469085523 0.9173741020541064 0.5158650323539459 1.1566144823563687 0.8756866989060077 1.1987511808613354 1.8844794230238184 1.0521865437608133 0.6459491642282996 1.510333534861977 1.9960729585555104 1.5390330594652182 1.8981553603548265 0.9798860467262474 1.1213844458088018 0.7754981765890969 1.9880255535599 1.9474457705156536 0.592471358493925 1.7227018201940556 0.9852436168620227 0.2853414500454331 1.245534569939224 0.6468140479071136 1.5145957498412923 1.7990635006927875 1.4426471487835564 1.6616453739053831 1.9042141746977028 1.6181332395303467 1.010155448496633 0.1431442524446419 1.6291574732550258 1.4058828997454598 1.8993269293582433 1.9850008573343236 0.9183056837360553 1.6252021432191397 1.735267175776154 0
1.9957468794956117 0.6705826076344553 1.9999952832039893 1.414447061557931 1.8965280516578114 0.5548539005706764 1.5824895578585578 1.8878478530954876 1.9997685556253353 1.010377810133489 1.9708962950709963 1.7504162032391972 0.5781475474533244 1.6614546435293018 0.481258636786666 1.8006782160969004 1.6350433027474471 0.27675894736194623 1.9736986802741614 1.7426499560958186 1.479591445638882 0.6895754156132796 1.687491513983509 0.7310334730739401 1.9664605102144554 0.016256874125077883 0.18239758983077037 0.2110214726471029 1.8464442821549512 1.4854734894021182 0.4035049440794239 1.0180076137512073 0.022407643102415158 1.2056787768852735 0.33516852691017157 1.480206212651131 1.9570011729268277 1.997317773618856 0.5945084231248006 1.9925541420337751 1.9628072657017548 1.98455991155349 1.7180559487889766 0.8378525257041041 1.9868129927877047 1.9179819704606231 1.9657769952750315 1.856327426000976 1.6620381017770594 1.986021606783603 1.9997284972837122 0.9656816724457759 0
0.5091781411665218 1.9776260075834493 0.3777637745727916 1.658124232285934 0.9855379082629139 1.7801285921980943 0.8982024372173579 0.28756196163232645 0.35211863130810317 1.5012404253027563 0.7101622945093393 0.615324739274183 1.9897947727417298 1.4102204958614482 1.9974179915371781 1.198307077303313 1.4429044683391892 1.8914225308318904 0.059671465217210624 1.296213172267464 1.6035086992414456 1.7110753764719129 0.7313855092487284 1.6876944909180531 0.017600638027331156 1.9600044108646717 1.9201529124963483 1.9925245319315217 0.4016855478066729 1.0307629080474154 1.9998800631102023 1.495376637305905 1.958771164646416 1.796645215051903 1.8713889294118187 1.6029623176639956 0.778707991156623 0.2798768505914873 1.760876345924596 0.549849452637707 0.0019181380675276315 0.6225482372145162 1.3331783198406288 1.9426439691704023 0.6045780614635404 0.9227971937496701 0.013871508726751209 0.37605409504030896 1.4094768028597895 0.6110589752837444 0.4143232670305271 1.9036267998926952 1.963174560122396 0
1.934168612467104 1.2332166608420534 1.89550273978823 1.7896831131430375 1.9999996853442537 0.08277225091297655 1.113268911267054 1.5812232330382585 1.887020965516359 0.4112219896360662 1.977029031298354 1.3535203956923554 1.1551778062774878 1.9286734116617037 1.0717216966711332 1.9837058466208288 1.915806311790714 0.36531329680852886 1.7694730423695997 1.9638619725686215 1.8298156710725164 0.05899099072553413 1.2602454469534883 0.10330411235357013 1.7494699802451872 0.6184620432145301 0.4582665037050906 0.8305049716489667 1.5076579511433923 0.9844352562012341 1.0035674984579825 0.4198812215162346 0.6126095508543085 1.6492827748477024 0.3070489975577707 1.8301843998986085 1.9868404821005545 1.8615211002832632 0.04139156159675611 1.9444700207606973 1.7399278743244755 1.960855187578702 1.9539887943274776 1.370250068837752 1.9570506371720215 1.998765511800196 1.7476597418252966 1.5246982691453377 1.9289506658787348 1.9584415271007078 1.9070710862837266 1.4710058838244915 0.6339016866312774 1.7408729374435952 0
1.9729864859198458 1.0821004002187402 1.9464432959966278 1.6993137174656616 1.9913008965086494 0.1026427551509295 1.2623559352471074 1.6878403080031144 1.940282216501398 0.5907153672973182 1.9965240980452925 1.4840618488072996 0.9990149017329171 1.8713618180890288 0.9107353143131194 1.951586372115213 1.8543987217688818 0.18164136184464838 1.8481973555042233 1.9203718455620586 1.7471865253229397 0.24387488061693985 1.398650553081825 0.2878309150759491 1.8317086559750082 0.4396643478285914 0.27600685379279855 0.6584419698002104 1.6228801791318717 1.1414318014318745 0.8390424395863659 0.5991670486455584 0.4336616881652311 1.5374254254562412 0.12270727292052451 1.747631113528109 1.9995144320384999 1.921242438410182 0.1439646327717819 1.9794559938015506 1.8237844589218846 1.988894233323885 1.9060911228343427 1.2294439904126826 1.9868186814319073 1.996682605591163 1.8302081406689936 1.6380127378571954 1.8717315264563017 1.987586914095999 1.954678125932239 1.3391951408501643 0.45550901663600213 1.8245708810368313 0.18521798643404017 0
1.4225318131446278 0.7276236667937042 1.5139833584030418 0.14246317861237448 1.0170161268247828 1.6779383963545693 1.9968292408363069 1.8589604808263422 1.53089755822761 1.8940691406471175 1.2664598812403671 1.956336225135416 0.8173688691545503 0.5260217480398157 0.9080135295670596 0.7903838736913749 0.48088753830495684 1.5066405860507623 1.7030427167918454 0.6738042022997641 0.23643654179341322 1.7508205593368877 1.9782246092711009 1.7718265426921675 1.7247272570343026 1.3223739814687305 1.4424886200236156 1.1433794331524028 1.8985601919736623 1.9996245581327439 0.9783166147919439 1.8968933733085795 1.3269823744488303 0.13433126033441248 1.5448493525537053 0.23734403912205507 1.2084455606404012 1.5769443094333169 1.700107044628441 1.3925702857224371 1.734527227418686 1.3369951346914182 0.6274177168888063 0.5565713687685038 1.3509771905806027 1.077831222122957 1.726612335069974 1.8901821787054607 0.5270332750543415 1.3459532919183874 1.4893496201897423 0.41765418268378846 1.310134044451659 1.7335714861984828 1.7215436976708869 1.6198711695355958 0
1.9176946627152884 1.2808078618425147 1.8750972241016015 1.8161570519310797 1.9990979139084204 0.14386517926088374 1.0619187058535455 1.543019030765404 1.8658648523663686 0.35115269970519286 1.9668571867645892 1.3078429424447984 1.2045834030207647 1.9439648178698243 1.1228781953105562 1.9905715178973207 1.9324750598758573 0.42529708935982175 1.7401274627245085 1.9745212331053086 1.8536569738820348 0.0021940898327651235 1.212146419408223 0.0421533429165075 1.7190012402988264 0.6763578458716383 0.5176083055347279 0.8857758035013409 1.466750025870561 0.9307154468195749 1.0560215988269888 0.3598641473480225 0.6705660065463764 1.6831199753259813 0.3673640278230528 1.8539999476269653 1.9789033745812459 1.838279125230769 0.10254317443082507 1.9292424386335123 1.708942693634117 1.9478914932987283 1.9661226606785451 1.4141767793241247 1.9435229748131928 1.99568060864121 1.7170921064041913 1.4843883785506315 1.9442110078340398 1.9451169250812885 1.8877449127738652 1.5117709236994676 0.6916345504152462 1.7099383775765429 0.06118409044077094 0.24605245093359945 1.7518800863192825 0
1.2022452677816529 0.9915886582964505 1.3071593298741717 0.15005961847472396 0.7549329989986406 1.8187495535598974 1.9590494591442076 1.731461889041793 1.32678891577847 1.9674966865257268 1.02711730806328 1.8747827809550572 1.074890171863706 0.23892657092275668 1.158241075221009 0.5139377438476099 0.19256255489071436 1.6823891596508151 1.5318614468821232 0.3919121948245177 0.05578670541525656 1.8731148612268533 1.9141318070407098 1.8881985581944347 1.5585742638643212 1.5270991125649938 1.629142144145418 1.3705135105544766 1.7865204182845058 1.9838886837044758 1.222306530126934 1.9690668869092125 1.5310639254812195 0.4239756794793406 1.713611248445021 0.054873124364231946 0.9630567633274316 1.3806362521626505 1.835580708195557 1.168274141593967 1.5707317608273819 1.1057230592781628 0.343693919181812 0.830833989591785 1.1214063277758475 0.8205524020580562 1.560908548130266 1.7746216422009309 0.23996754376592794 1.1157671196618826 1.2787038574094804 0.6984947926342515 1.5165507988382048 1.569543649876671 1.8516227159277665 1.7736556811732775 0.2917400540507175 1.8738827936360434 0
0.08986552469532562 1.7990722685597555 0.22422208001739286 1.2498846153118472 0.4225874362492245 1.970850776565077 1.389582764989443 0.8638962463527478 0.25012108762209373 1.8266461518566472 0.12118617244260799 1.154090033063027 1.8394361559341803 0.9239272612619356 1.8765484731541011 0.6671114618041536 0.9650348458958875 1.999179259576688 0.5383387719321915 0.7838533664156884 1.1748191012663804 1.9417992550027512 1.2525215236334435 1.9307013408850802 0.5787430569520752 1.9895954670801002 1.999644698552759 1.9535752974201002 0.9668950427669016 1.4943792406260834 1.9026296585822442 1.8230232439192267 1.9902126639510638 1.4534823936000134 1.996613325762581 1.1740793436820756 0.19480961949049133 0.3225282629120214 1.9633863065747263 0.04771393852910349 0.5973991178791969 0.028324693754246115 0.8287446640039108 1.7129054384585334 0.009444914358937536 0.35254889280903934 0.5823117452459974 0.943939364941569 0.9229972079788529 0.0162474486295478 0.18712169041338575 1.6346178576438204 1.9878736526584622 0.5955682734419966 1.955081965696383 1.9857139449449042 1.3579265266233267 1.9412726310287982 1.12921437169493 0
0.5913515171354696 1.520231936891252 0.7186829948350493 0.8152336329370923 0.08460786414235291 1.992901850961342 1.7077075387623621 1.2912884678499867 0.7429622338993096 1.9730954506675218 0.3867181919255019 1.5290715600852514 1.5816390420931947 0.44619914272591793 1.641121954552782 0.1695121398323918 0.4915354983178726 1.9488873309083776 1.0071735734221552 0.29395117873538 0.7281496917119432 1.9998210390546394 1.6055833861889177 1.999922603629386 1.0433022977841697 1.8737158103912508 1.9253575342395595 1.7821411140601287 1.3775583300064411 1.7815414405425476 1.685378894208996 1.9716289896715127 1.8758580337365165 1.0595765265923172 1.9613118167698178 0.7272984082070598 0.31400630867023643 0.8103794570769116 1.9959596109467934 0.5509315040918515 1.0599051589404782 0.4774489026859715 0.34238142987629194 1.3967770801715456 0.49576215572432836 0.15587096308064816 1.0464821209858608 1.3584975503155663 0.44517699403343935 0.4891689311860401 0.6837526716799527 1.2907439059570724 1.8679687141059291 1.0582780380794559 1.9981618014636273 1.9816355559619716 0.9432534688031154 1.999849186716577 0.6759083253748952 0.5049067705521334 0
0.8668674962073645 1.9983062888108027 0.7435126497741614 1.8401760020487186 1.2978121568907153 1.5748364678174933 0.5428673962171645 0.09315781402114452 0.7192362371928496 1.2232666134355743 1.05197821582935 0.2431141646712591 1.9919390673326518 1.6536682646171301 1.9804158371792981 1.4803361267543 1.6794472332223682 1.7337500731219815 0.43785851386024843 1.5616338629845339 1.8011597483325226 1.4835479600703518 0.3649442252105667 1.4534419529985727 0.3967059933600869 1.8489039017490447 1.7791360001737273 1.9235608414829677 0.022682191691921927 0.6868774780099789 1.9677141682533403 1.2162511288917144 1.8465497713324333 1.9307167031034504 1.7035306123370595 1.8007622831626975 1.1140627376607704 0.650499900062293 1.5489802764822382 0.904681515678166 0.37755623086613777 0.9718308867834914 1.591809448331383 1.9975807874188412 0.9552859932529373 1.2426738286796652 0.3930501582511979 0.0034476634651361927 1.653078304757834 0.9612569758344434 0.7780068560063318 1.9854193543736023 1.8550415434886842 0.37943970672394933 1.52246479326806 1.6360320884966795 1.8913060909213883 1.4820756010912324 1.7762089709260604 0.9469774735018055 1.361025800009538 0
0.8809844181797842 1.9975989969309116 0.758059394427565 1.8462670444154967 1.3097136127979399 1.5651136176061393 0.5277454426198595 0.10883236454094986 0.7338585796597423 1.2108124174469312 1.0652938215956955 0.2275286089261667 1.9904700658003147 1.6624446281882241 1.9781639079358595 1.4908438417435244 1.68791783165544 1.7258726058573997 0.4531587496895029 1.5713910453096556 1.8079265215652196 1.4729767972274244 0.34950202892170246 1.4426161673354314 0.4120763935830315 1.8428627016265238 1.7719119508262207 1.9192041303848395 0.006988049264575495 0.6721164895497662 1.9648449663398386 1.2037547823248143 1.840464049923595 1.9347523736971892 1.6952554673117244 1.8075355267199682 1.1270625451223684 0.6653209870597173 1.5390044922216601 0.9186506833020107 0.39295686938989977 0.9855180078325482 1.6012622022870004 1.9982909879254087 0.9690450051706593 1.254932853970358 0.40842644894084545 0.0191419873828762 1.6618614884147929 0.9749902265825371 0.7924412014868765 1.9872498768997937 1.8491182856945814 0.39483743866704274 1.5122403904808581 1.6269543376996705 1.8963513386593736 1.471491718407363 1.7833681055780508 0.9607719886574516 1.3724837866590305 0.015694453389954812 0
1.6325938874274726 0.4143442352788863 1.706692276236578 0.4656186638542613 1.2840316806648437 1.4781724079590277 1.9884856484859308 1.9543268372965854 1.7201451169131967 1.764102915942984 1.5017590490689703 1.9979148509840685 0.5090156351460893 0.8334053802996807 0.6055132912071814 1.079180272533742 0.7907873956463881 1.272183901576673 1.851151383222887 0.9716348607640037 0.5568786852711839 1.5698939104856617 1.9997448257183148 1.5969836437821237 1.866670206648246 1.0602134354867137 1.197474463372934 0.8607179035737802 1.9756559462221748 1.9665861342260178 0.6810045317516704 1.7682564719565406 1.065424086054456 0.1926153892947655 1.317229941945956 0.5577564154838046 1.4519671491674826 1.7563126770758444 1.5057421350296967 1.6078696798001133 1.873588644853629 1.5614937335311967 0.9284687432365372 0.2361188197839646 1.5732215302403911 1.337940738373745 1.8680057837043371 1.9714228606098263 0.8343584103497089 1.5690121300081947 1.6869511430258162 0.09337009787782669 1.0463937035170279 1.8729166639803394 1.532662236817872 1.4070831832784654 0.3258872690907502 1.5712523426155065 0.6102425605066902 1.579035742198095 1.218014080559981 1.9720006655519668 1.974556893422888 0
1.5612543658408073 1.7660504950799165 1.473524588855117 1.9979863133981186 1.8283882273791088 0.8865344288733744 0.34326552483291367 0.9482410739268566 1.4557635432314266 0.41839516360777484 1.6842879679111658 0.6395853829294169 1.7183082094964093 1.9775505899756867 1.6647388844472422 1.916426582450993 1.9839804093680162 1.1318094757719361 1.2389693878485988 1.9484869535184035 1.9999945919215758 0.7573097875203997 0.521635038124569 0.7160788374754491 1.2056648666924128 1.3370544146807248 1.2088269871857191 1.4973520018290911 0.8446845006004778 0.19328430809508276 1.6192371791880837 0.40973453651912684 1.3324736317215227 1.9664636896002148 1.0825898365827278 1.9999922577348375 1.7229589741552924 1.4046312090444446 0.8492353736421759 1.587265955426988 1.1900341110405506 1.6323726034577783 1.958961866085617 1.8435374443955697 1.621390975094633 1.7982943380047505 1.2026873276838344 0.8682972297617945 1.9773936594269652 1.6253643388889707 1.4984864679655512 1.8943123314795993 1.3491002804488923 1.191575196376363 0.8115786918615813 0.9773740350612515 1.9865197363102944 0.7552786184304826 1.999086670072313 1.6158431996832685 1.8610410197419163 0.8651901421380579 0.8510135670554195 1.922197473439806 0
0.4246274150535124 1.9627897617589933 0.29203754743746824 1.6079473556076003 0.9089599188927195 1.818073694558716 0.9750273955711539 0.3733209083671095 0.26620976141232755 1.5572618001845788 0.6282220899501445 0.6974605073985456 1.97914319928675 1.3472429331937381 1.9911141648853068 1.1275721702127546 1.381342030859389 1.9178891286735122 0.027280247974568943 1.22878350375548 1.5500367254420384 1.7544674404804033 0.8116068367556275 1.7327467453893786 0.06934664775476312 1.975450644823271 1.9426568295282318 1.9981506800407836 0.4864685051120993 1.1042877480268145 1.9970378526300314 1.5516918208385864 1.974480503316937 1.7567538589166671 1.9002915208051743 1.549459015330286 0.6978981082754684 0.19353372411000233 1.8004327941636213 0.46574568924152115 0.08885030234381176 0.5393446939476298 1.2671154669648577 1.9201377805456128 0.5211397289042411 0.8447977765735393 0.07307352791936271 0.46108212142079535 1.346467815599911 0.5277043810134465 0.3288835407176739 1.8751668815517395 1.9779247198785619 0.08693401716120365 1.7820235185929156 1.858450670436156 1.688580703958431 1.7534130821958878 1.514179834656233 0.5120152780092749 0.9835112511099815 0.46443622871331264 0.47968735444291605 1.8406518876013704 1.2602693584647087 0
1.999113186196853 0.8463060683663409 1.9905635059211102 1.5422055418313407 1.9482110784096454 0.37006878217015815 1.459332722018507 1.8166919649969848 1.9878635202445205 0.8420821914133082 1.994257473720299 1.650740649030017 0.757170321716332 1.7595806967116285 0.663243728390773 1.8751259525634318 1.7369347655149443 0.08760580776681898 1.9341290230253927 1.8278927241836742 1.6005752358744372 0.5083693188469325 1.578044709579023 0.5511347071587148 1.9229911956697894 0.17354050927846784 0.007364672552720671 0.3987410847112899 1.7652100143137819 1.351733886948246 0.5875140127093459 0.8501034394204389 0.16741183907030724 1.3516200546296375 0.14660983832817914 1.6011230766010038 1.987306103096161 1.9784872513739942 0.4106730525030072 1.9999244520997959 1.9175354820783606 1.9991398012494532 1.807436134347961 1.0063529076525586 1.9996044068785874 1.9631086378653104 1.9219629808923815 1.7773432817059411 1.7600788787523376 1.9994575450056349 1.9938361278365138 1.1274749708102736 0.18973033500976075 1.918079717409441 0.4510946608198085 0.26871077698030776 1.4475802072399284 0.5104910394340862 1.6334030785200617 1.9997699551146322 1.927337704368157 1.7757597351034657 1.768484428176648 1.203365046201508 1.202951572139038 1.940892768967015 0
0.31156709302335145 1.9374674363729376 0.17780753510292835 1.5369137710236236 0.8050379057170971 1.8629805008166793 1.0738050591930148 0.4856620326996168 0.15181318723874876 1.6268337609871413 0.518023229887996 0.8040683139795107 1.9593080537926377 1.2600361658525072 1.9769946088227022 1.0307434103717525 1.2959078935790653 1.94732454707434 0.14220381379621538 1.1360323576170237 1.47481319751982 1.8067631353628983 0.915351119814379 1.787301292437805 0.1841421994289796 1.9901433175189938 1.9667792617763984 1.9997893367317834 0.5971902065858594 1.1983252932865185 1.987479445988334 1.6216685493873693 1.989523976902782 1.6988918314399128 1.9329998993436848 1.4741957297636854 0.5889918823231642 0.07877384700645976 1.8475220029954658 0.3531571172853798 0.20356921673247816 0.42773303047215283 1.176060764423287 1.8847950080239044 0.4092703980779486 0.739182098833624 0.187855282226652 0.5722016731366174 1.259221736827767 0.4159267395054271 0.21492545718556985 1.8320802682115311 1.991689576656571 0.20166094696824144 1.8312745953556997 1.8978634202794737 1.6241721200749022 1.8058211397747106 1.4365582738459548 0.4000207903593105 0.8817682507794125 0.575504372421489 0.5905173076122741 1.7926331788976417 1.3474648624067478 0.11497938124854198 1.9654291868711227 0
1.905911905047152 1.311378572803564 1.8607568418244458 1.832601674270661 1.9974898153107123 0.18387174138886622 1.027690695325661 1.5171707621652026 1.8510367387770434 0.31156598516070944 1.9591838961128056 1.2772114661047829 1.236383197765934 1.9530082075208126 1.1558682058512757 1.9940635472572732 1.9424278901526357 0.46443290668345616 1.7199906246426846 1.9805101891930836 1.8683554005144587 0.042333144495850066 1.1799749407034468 0.0020142482327279755 1.6981383006456707 0.7139961890303153 0.5562760098547176 0.9215855632349631 1.4391667741893313 0.8949995831742886 1.0898968896432273 0.3203072591237683 0.7082470858482507 1.7044628755110705 0.40674660966142634 1.868681303371068 1.9726900469120996 1.8220966189445675 0.14260924752764192 1.918271482516033 1.6877460601207566 1.9383962670160713 1.973083295120796 1.4422756042922253 1.9336599813465998 1.9926420148668453 1.6961652576138604 1.4571884958683912 1.9532338927531847 1.9353863378612635 1.874106196545481 1.5377459258514243 0.7291582304725196 1.6887744473219521 0.10129250046632765 0.2858374892214813 1.7708913332158684 0.04013952074622237 1.887533580970039 1.9312259920820953 1.999939309588496 1.4548248689920131 1.4440105329590653 1.5957702450429179 0.7179591909261293 1.7337517757800776 0.5491981675526404 1.7882043067443785 0
1.5051430776322716 1.805379220976525 1.4130265389992722 1.9999986364859337 1.791223710740164 0.9640254268194468 0.2568419327382132 0.8703897379847298 1.3944477885932207 0.5034543819409694 1.63555257181158 0.5561711440568364 1.761387232646661 1.96260441591229 1.7115836272086022 1.8895970826005049 1.971046460318047 1.2027810275507669 1.1691820903385877 1.9269189770857065 1.9978810869758088 0.8374715668687521 0.4367690807490484 0.7969938671443808 1.1347855914981717 1.4007701016828342 1.2772954763975062 1.5538574942300956 0.7646619234150271 0.10611621850251612 1.6689861912293464 0.4948821109974879 1.3963730719733813 1.9805223420276896 1.1550383318860729 1.9978388197774648 1.6769360428792053 1.3410778364705747 0.9275470645937894 1.532580550672321 1.1186589338036812 1.5803190270191105 1.939477968673642 1.875662209305672 1.5686767810380977 1.758329686311175 1.1317127836968288 0.7887410761389609 1.9624023351470152 1.572887625807553 1.439175567244884 1.9205361535513208 1.4123274166722493 1.120248451134922 0.8906773912987264 1.0526869339916676 1.994751894376284 0.8354785921406191 1.994536446930352 1.5628002949129336 1.8272568416757318 0.785571668679158 0.7711143912042765 1.944499769335869 0.08739254407397157 1.1912065525328823 1.2716197066941815 1.2815969087891836 0.7988408703255727 0
1.881625026763329 1.3675426721771153 1.8317004567868134 1.86157956314574 1.992273230913787 0.2590486685431839 0.9620750834256678 1.4668079663757374 1.8210720373905296 0.23663774683999775 1.9425815369194839 1.218099095414164 1.2949451696907077 1.967909279964543 1.2167608597844473 1.9984601007771146 1.9590540642490186 0.5376620874261395 1.6801669685174387 1.989626155043794 1.8940040609378526 0.11791465205441695 1.1180674270254536 0.07361588269417876 1.656970485115739 0.7841307075610955 0.6285226547710965 0.9880475109367094 1.3856204089842827 0.8267258979310818 1.1525297612114151 0.24542564870871178 0.7784684191805993 1.7428101124266753 0.4805038811708505 1.8942974429714818 1.9588236860908927 1.7896117249166377 0.21794347291644872 1.8955006268304744 1.6459608931360072 1.9183838712099488 1.9840381754945375 1.4936390133139315 1.9129598432744597 1.984735475288277 1.6548791878499611 1.4043447252029035 1.968096084220646 1.9149337826494586 1.8463572391814178 1.585003228777202 0.7990601087623264 1.6470497722648187 0.17675172507793016 0.3604854091461146 1.8047726737242467 0.11572430787668363 1.9111873409760585 1.9101825035979008 1.9979197413448506 1.401887878095591 1.3906511729089623 1.6402186385805693 0.6468579664059987 1.6948090262709394 0.621526840925635 1.753054033899771 0.07562872865369587 0.7289355362772584 0
1.7418333987529142 0.21277611800665178 1.8040726660718445 0.6614261980454068 1.4336225807832967 1.3331714797713543 1.956290760202522 1.9874628658837956 1.8151780247029352 1.6588806854252849 1.628558550479086 1.9968169177922166 0.309244376712066 1.0143586135610374 0.4080938011094095 1.2451735057772098 0.9738926180197395 1.108279450869848 1.9186758696699755 1.144737740527112 0.7497510515086407 1.4354321196612567 1.9860761237971012 1.4659595538766805 1.9301276876077222 0.8818566735479575 1.0279801495703604 0.6722447802890024 1.99707489730466 1.9192424513096196 0.4858059494755497 1.6638093459296475 0.8873733296670243 0.39449780514697463 1.156990900061286 0.7505982557949701 1.5845850194404412 1.8446757857437384 1.3637454054171587 1.7207203938767826 1.9351499555069809 1.680727424514619 1.1041714687328252 0.03248197304928974 1.690886146883462 1.4824807741660389 1.9311014493024758 1.995491768508299 1.0152621264791841 1.6872432969885036 1.787659525243342 0.11072670199182363 0.8672363078868316 1.9346645745882398 1.3937300387059661 1.2549017913546152 0.525299079135217 1.4369590793583036 0.8011777954128766 1.695911495406557 1.3733448945008997 1.9957201608489257 1.996684901946445 0.20383286578021054 1.8558888588080222 1.910797249962782 1.0342905676713388 1.8736813562880956 1.4645886171907634 1.88668905285875 1.515043394107782 0
1.0150185949438426 1.1804906307251875 1.128774874351085 0.3732267620765197 0.5420263087745834 1.9007207251913865 1.9013926799962086 1.6080043405723836 1.1502102545763389 1.9953888690735475 0.827762604228793 1.7846317139096373 1.2576139773097357 0.014271533010779202 1.334131116942941 0.29347841818834886 0.032364176315394816 1.7932628409638238 1.3776606213312705 0.16903591220566386 0.2800970506026566 1.940028648253446 1.8368586089553784 1.9503300894424913 1.4078578072518515 1.6625590557308787 1.749192840537833 1.5255190309112114 1.6741696143121059 1.9428521079772807 1.3924575021506989 1.9959701014134466 1.6659702817404085 0.6409332169343444 1.8186474794699619 0.2791920976417689 0.7599778026372235 1.2092822264006482 1.913194669488076 0.9784536559063477 1.421654311240246 0.9114400880091811 0.1201092106293644 1.0300119654691937 0.9282053654149397 0.6103904998181743 1.4105041309687865 1.6597319247568583 0.015320018843316092 0.9221743222077493 1.0977899291594522 0.9046690918431104 1.6534676725340165 1.420304502914278 1.9248469396140115 1.8662785011125311 0.512239282296557 1.9405607494406552 0.22475115874895413 0.9365611446480823 0.46009961099650126 1.6616531266840018 1.6703364208890263 0.8204107271107612 1.979632554714781 1.357756387635357 1.7527517548001235 1.2710870791605002 1.9498829857935898 1.965301337445121 1.9653128674549196 1.00203300208483 0
0.8635641375143176 1.314534196994393 0.9830968323794477 0.5402790599375571 0.3750096749231111 1.9470679162995517 1.84122756985959 1.5001445706145653 1.0057271876001765 1.9996793927546062 0.6686510009309345 1.7006742399393344 1.3862884139068306 0.15721420753398932 1.4569415024811245 0.12281643097597467 0.20366018511696404 1.8625712428777226 1.2483109865300848 0.002410412231662306 0.4488141155959476 1.9745556409633982 1.7622796540860024 1.9811215441552343 1.2809089617480154 1.7517341602975558 1.8258764993175263 1.630769798183309 1.574218722868752 1.895011781962061 1.5103937013393687 1.9995013041287402 1.7546940793229795 0.800970106827089 1.8832870608478447 0.44792344725553945 0.5986023826470157 1.0682816135493343 1.956112049374707 0.8253319191350662 1.2958382415741136 0.7554848572784932 0.05146101508815232 1.1731748645828681 0.7729327677865457 0.44488562323872033 1.2837707792893325 1.5579672772274809 0.15616891588575726 0.7666541752461293 0.9504461872730117 1.05423565893961 1.7438314952141254 1.2943765823127729 1.9643166911778553 1.9210438278771524 0.6760732117099035 1.9749033234352407 0.3942755909673729 0.7816352264281314 0.29156672980703385 1.5601267999510826 1.569898790749673 0.9737410007641552 1.9479419936672766 1.2268807933752994 1.8288696263042132 1.1340477213824418 1.9808444378143581 1.9262719388626375 1.9898698969791786 1.1467134381781887 0.1714375771129298 0
1.518029810148128 1.7968235847243794 1.426885785396367 1.9998788263954197 1.799891447998431 0.9467356859232562 0.27634671880186795 0.8880663764476333 1.4084880796557104 0.48438356587094916 1.646800042072765 0.5750481360674884 1.7519797238038965 1.9662973057809945 1.7013198041162236 1.8959538441864305 1.9742876185409532 1.1869992141564516 1.18509256619361 1.9320971017526536 1.9986900310012186 0.8195592916164653 0.4559530880214203 0.7789052186501103 1.1509362398900225 1.386655257231022 1.2620897545797218 1.541391850113722 0.782809887693099 0.1257635378150399 1.6580612474522454 0.4757899689661497 1.3822161147227159 1.9776865382294069 1.1389159638029196 1.9986567493874943 1.6875795830094178 1.3556131276777306 0.9100664294352483 1.5451507575535617 1.1349185678818379 1.592304521759521 1.9441888668787337 1.8687405681599945 1.5808091016795276 1.7676225113940012 1.1478843737799242 0.8067880185601549 1.9661053588406971 1.5849671692709772 1.4527718345218106 1.9149508420500803 1.3983245166938232 1.1364974436065438 0.8730133821696403 1.0359024631646172 1.9932305472876213 0.8175573836103427 1.995893565052334 1.5750056593975652 1.8351693566255851 0.8036321168206524 0.7892356418497432 1.939801551719261 0.06772693237732175 1.206957548987208 1.2563680801567647 1.2966435131344982 0.7807600399243642 0.019680177890443188 0.7105737483627294 1.880067533531919 1.9688561929386759 1.9314729430058104 0
1.9875042460685224 0.9919974351302403 1.9679582198190073 1.641398173411041 1.9787207967697542 0.20771413634526883 1.3423189053401399 1.7420154206360543 1.9631407746579799 0.6905478338082492 1.9999607552895136 1.5526262776874165 0.9063598331075938 1.8315902618591107 0.8156749876514466 1.9258367105114569 1.8123623622091976 0.07647185130743152 1.885892343790886 1.8882741499874642 1.6934901806034242 0.34810285086768084 1.472015220504235 0.3916872994543111 1.8714658249324785 0.336278381755912 0.17127897552905538 0.558048200119832 1.6821989138611535 1.2263572125704059 0.742244081915872 0.6988490662612805 0.330213313139781 1.4679079288046488 0.01738266406351811 1.6939762139192995 1.9990597498705882 1.9478484946752133 0.24884418447209347 1.9917693577533302 1.864492272435964 1.997219983036402 1.8715411332613638 1.144640763845137 1.996135847430718 1.9878450191529522 1.870147232482769 1.6961883319956728 1.8320111415054527 1.996546965728265 1.9742653701894133 1.2590878458850605 0.3522927016643376 1.8651854447482656 0.2898608103826597 0.10535272151734987 1.5558308439933681 0.35026324187935803 1.7225097134503942 1.9955267547728075 1.9646402129936404 1.6943590827249535 1.685968345017064 1.3302602987373502 1.067933032557596 1.8947997257389189 0.16394019813819183 1.928465336484528 0.3897118582258403 1.1408038963538512 0.46361219668561116 1.1711259890615024 1.8258115297024133 1.8890671372034264 1.1245840413659218 0
1.255299311609974 1.9267992166429597 1.147588403829206 1.9703996724379187 1.6108316601204773 1.2519458691150345 0.08927324852090789 0.5466089906296674 1.1261292505242835 0.8299085739831226 1.4123886144528874 0.21632085466208492 1.8984433023718303 1.8667370208839884 1.8644457760237587 1.7481720661032605 1.8829670172550845 1.460473531696939 0.871637659746705 1.805571486923452 1.952028658490298 1.1383149170498335 0.09342736528342022 1.1015717456690846 0.8335745779999195 1.6260917992446149 1.5237043383686606 1.7478316753128256 0.4342915931399219 0.24010948193537296 1.8341172037891946 0.821846154785255 1.6225029704857779 1.9988608995894206 1.4194596704153122 1.9518294861898022 1.463706932877751 1.0649246795479435 1.219393292476781 1.2878526286399608 0.815792308643527 1.3450882105685267 1.8261249005013251 1.967313784763139 1.3310556928237551 1.5674972001695335 0.8301832318285206 0.4597606532707661 1.8663604320318927 1.33612531871316 1.1779346834551894 1.9880420307674702 1.6355028246893435 0.8175432478472923 1.1863237280156191 1.3303414591591438 1.989814040811172 1.136510188763939 1.9391240166726529 1.3239914211460386 1.6595375654164026 0.456404638899363 0.44111025086506883 1.9960693668542362 0.43087191110539014 0.8961097325986261 1.5189235343990672 0.9974199204564967 1.1032523724167025 0.34511997898586205 1.0393820294172271 1.972902788697961 1.8718118257503074 1.804533480027964 0.364488225796765 1.4071604227448056 0
1.5707845520125685 1.7588078181378592 1.483841128004873 1.9972403095795965 1.8345440905268853 0.8727742244331113 0.358349768986145 0.9617033697180088 1.4662269378884822 0.40340022713875234 1.6925007984699416 0.6540837111273258 1.710417425474576 1.9797817744701194 1.6561984362546278 1.9207531828019704 1.985857544848837 1.1191439916869914 1.2509606798380524 1.9518847932301182 1.9999715337386055 0.7431067725994648 0.536411094440279 0.7017518768180733 1.2178541587108667 1.3256206378964728 1.1965851834316978 1.4871507710655285 0.858547838668053 0.20852859392489842 1.6101965087367835 0.3947258138442228 1.3210085407831105 1.963611924939055 1.0696751009184216 1.9999762010735382 1.7306886444851854 1.4154969660791386 0.8353386256071103 1.5965410364004562 1.2023134208155966 1.6411773948763895 1.9619922632541889 1.837542517699949 1.630313747285563 1.804947043767509 1.2148939082216614 0.882074147395295 1.979632790548826 1.6342446939188595 1.508589963440527 1.889341966594115 1.3377497858471519 1.2038457117607866 0.797551376188199 0.9639778181041424 1.9846855265966654 0.7410693070009778 1.999490996411604 1.6248246932920005 1.8665978153052296 0.8789785971694287 0.8648540248223008 1.917909143396285 0.015321675510373672 1.2721294406422985 1.1906759228094692 1.3587476624956176 0.7036377071907125 0.1026970207627189 0.6323408116478605 1.8501237253440472 1.9817555151508923 1.9513578370242164 0.08303783299900769 1.0549471316319734 0.4458211588132298 0
0.0997454293707531 1.7947294231461273 0.23404797547492073 1.2421477193192583 0.4129145877781065 1.972509214159648 1.3966794862342848 0.8728063533846026 0.2599313692142701 1.8306517798782647 0.11131187123346409 1.1621540160387922 1.8355306602247188 0.9151436516407153 1.8731043066740738 0.6577787636613742 0.9563596581049092 1.9994381452470351 0.5478581336221302 0.774744101771771 1.1668000540281471 1.944144270726634 1.2602173600668132 1.9332588452632289 0.5882038051450658 1.988563542068881 1.9994338133886003 1.9514326581658006 0.9755415305621739 1.5009346280034457 1.8995577807919513 1.8270688616404318 1.9892109978974912 1.4466703830435992 1.997164273104623 1.166057651327815 0.18496327693861864 0.3322858516988025 1.9652462267923865 0.057601533294238685 0.6068312541066629 0.01843434593289658 0.819732662454154 1.7077785085015689 0.0004460842659035348 0.34280847054435826 0.5917670964710054 0.9526478674417164 0.914211215459073 0.006356582906034711 0.19696700929729807 1.6288986802152154 1.9867618019265645 0.6050032612251519 1.9571425383533545 1.98686976245787 1.350648227627575 1.9436281868672354 1.1210369345777578 0.009890993415684677 0.4953299812079789 0.9556778786167558 0.9694352061244274 1.5729460567388773 1.621652102845386 0.5215703902237959 1.9995954851761528 0.4097070322663412 1.9337738724350875 1.5689534629027753 1.9130899622545876 1.690647866586607 0.9278102091784354 0.772521323483858 1.581082326984718 1.9961635140095166 1.3313886049761292 1.6305720966966013 0
0.14214899080867655 1.8881572178417678 0.007470256849453735 1.4223103844685352 0.646157193656674 1.9181824673849643 1.2136301217756778 0.6491631537176069 0.018612704450091905 1.720019243533408 0.35158863448134736 0.9571367615916336 1.917995315943067 1.1231537508329372 1.9440430659241708 0.8809993377275038 1.161433706262378 1.9790892132426148 0.3116213839256935 0.9916893989375851 1.3543794452977642 1.8732553581699292 1.0634994838075629 1.8572588999070858 0.3531148845191867 1.999803008459083 1.9905532585527395 1.9900481176905296 0.7576131420531411 1.330369157637766 1.961222381839899 1.715485210284334 1.9997072204088373 1.602819140073005 1.9697012987212732 1.3537068258566887 0.4240407281206709 0.09174588980618065 1.906051717048351 0.18418492403712614 0.3723101295744665 0.25975451482724216 1.033987853071211 1.820957959750196 0.24102244502832013 0.5781926234460283 0.35678492862576194 0.7333661671983699 1.1222860298397122 0.24777413752366312 0.04476522543520553 1.7570899085038958 1.9999651079707124 0.37042534860863796 1.8931064313098869 1.9447125400488017 1.5188540463991878 1.872485583325457 1.312804133264293 0.23164367792849963 0.7256492710913481 0.7365725971747957 0.7511412465327063 1.7105749503401468 1.4684632821391257 0.2846453210099081 1.989824804152558 0.17036561850899987 1.8580052613164757 1.407729983026131 1.8286882215631717 1.8072846934748532 1.1349337724566915 0.9895954497033567 1.421641323072825 1.9666126663626653 1.1414622619182109 1.4788220612915344 0.2414652722212671 0
1.4233504352589488 0.7265384334972319 1.5147443021668971 0.14362513562739296 1.0180190346181779 1.6773041757433003 1.9968944733010163 1.859389879250065 1.5316469339572405 1.8936947201511436 1.2673612879788607 1.956577985545772 0.8163055176787167 0.5271455849585988 0.90697541573024 0.7914538521617518 0.4820182213131781 1.5058742030032897 1.70365322932797 0.6749009255742117 0.23759327305531303 1.7502571527200217 1.9783957094166364 1.771285883470318 1.725316761432102 1.3214997942594984 1.4416814435445497 1.142423440686861 1.8989261640973147 1.9996016477243488 0.9773003936567762 1.8965238391548547 1.3261105594937082 0.13316892781076808 1.5441092294327936 0.23850070717722036 1.2093735980992653 1.577660562320404 1.6994931864343066 1.3934062032375762 1.7351068978045527 1.3378612907258294 0.6285237437188479 0.555452351063261 1.3518359539849436 1.078812338164391 1.727199964919781 1.8905625687580718 0.5281569510188641 1.3468147277278832 1.490126880738616 0.4165148554070774 1.3092536273161677 1.7341521254371528 1.7209504614932292 1.6191876352808157 0.001164940358656577 1.7513177986287813 0.29289248444149935 1.358781563150206 0.944280551209242 1.8916845823224693 1.896721172805368 0.3247378424358255 1.9863843725648664 1.689204692740043 1.4467761292912638 1.6248516311585441 1.770349635038237 1.9946672186577847 1.8042703622083291 0.5241749492094928 0.5133652792799271 0.6771694607945813 1.993134442873455 1.5550985676642308 1.9899311256773011 1.984541302857377 1.3515071665790837 1.5196116902033645 0
1.9493650972826588 1.1825540631299554 1.91482185703013 1.7604064916894135 1.9989537764354166 0.019223906633312235 1.1655103407851577 1.6193440494028222 1.9071282481524037 0.47321720444351983 1.9856360945871774 1.3996305211456361 1.1027076908769013 1.910875956730646 1.0175153944905075 1.9746068957125396 1.8965907634139705 0.30263707751484076 1.7982044706126763 1.9508417300912504 1.8032341734748585 0.12249452926647895 1.3089636895828585 0.1667280767422166 1.779388031873278 0.557703968112443 0.3961650656446349 0.7722636329879065 1.548660455090103 1.0392660649589702 0.9480807499756878 0.4818136076793537 0.5517942683535636 1.6124960279643235 0.24408643320460074 1.80362929238266 1.993116265896198 1.8838205565604025 0.022176723949205703 1.9583615062648505 1.770391889193123 1.9723785933992783 1.939446447880478 1.3232584720708058 1.9691636919633804 1.999988769173612 1.7776823254452083 1.5650626127268827 1.9111852071375182 1.970342254126888 1.9252574623368057 1.4271988984065755 0.5732975741170615 1.7712834280592982 0.06356099106061362 0.12183658665034616 1.6883221270262299 0.1246844262561204 1.8266622528532361 1.967489586954616 1.994427973413263 1.562913733337714 1.5530729116741055 1.4910535546396622 0.8692613661325412 1.8099788024937329 0.38894363560998785 1.8559014295876524 0.16472075522835752 0.9471375936052179 0.2399747324329213 1.3474399380705144 1.9066144647810706 1.9513714476799524 0.9297582869783746 0.2268244890258721 1.2368963710686929 0.8554370225195598 1.9692416740598029 1.91265162174883 1.687697328172463 0
1.977148949454752 1.0597478022636986 1.952356621924828 1.6852083248526926 1.9886607418480244 0.1290651259799428 1.2827736207994649 1.7018908279097755 1.9465314748134994 0.6159491343695922 1.9979089652726656 1.50167395752532 0.9759994724999533 1.861859418178701 0.8870925868835978 1.9456274453777416 1.844322937127641 0.15526859919854882 1.858149700809133 1.912810040582284 1.7341535661333294 0.270122265757314 1.4174462452237957 0.313996434143962 1.8421747458878233 0.413807039129141 0.24976968587005266 0.6333934955878214 1.6382058879201136 1.1630645416391958 0.814944364455281 0.6243652283458281 0.4077871333742574 1.5203631546577536 0.0962801525980407 1.7346086821263313 1.9999225156430323 1.928428152796309 0.17034960702953694 1.9830663688036485 1.8344872955419569 1.991505323276396 1.897909533244038 1.2084612575069922 1.9896782883463573 1.9949840340469407 1.8407195404619794 1.6530552248974144 1.8622420781381124 1.990357009024139 1.96010933996447 1.3194207675634664 0.42969846581557414 1.8352504972884585 0.21155426708299746 0.026466235862420345 1.6042063851923645 0.27229608918440723 1.7612703303867354 1.9886977766924172 1.9778836990477104 1.6511120922061435 1.642204558479702 1.3881516382740857 1.0003791647934615 1.8680675748614912 0.2424609761527071 1.9060468495970564 0.31200700558980776 1.0750982596602783 0.3864866207608362 1.234183813350333 1.856600074287036 1.9135125967362772 1.05845124469338 0.07891400555824243 1.3499870805297618 0.9870825262631926 1.9897235006436582 1.9507221827081873 1.6035104276227035 0.14824300005845045 0
1.8266959064246386 0.024444208030991964 1.8773942079237453 0.83633396653682 1.5586472844592407 1.186760290397215 1.9084027279469504 1.9996881131778668 1.8862263153352488 1.546229895850954 1.7307055595256178 1.9773043249100313 0.12168012928196471 1.172263374374307 0.2217882028093757 1.3871087686873083 1.1341618679931607 0.946474195548051 1.9633323537710956 1.2941766501150547 0.921126898693615 1.2978176546563704 1.9550406579532384 1.33124064272347 1.9709179166450979 0.7087869231050012 0.8617506087414384 0.49176363249401295 1.998378018149725 1.85769171810823 0.3008338174692882 1.551829526683902 0.7145353947751314 0.5774948257805481 0.9981232796922312 0.9219380320064047 1.692518780304869 1.9092842263906844 1.2198285423549309 1.8091172381062826 1.974140546610237 1.7753961579997446 1.2563898645782947 0.1560924386488035 1.7840100792329572 1.6023830773517111 1.971548139617379 1.9992595861311062 1.1731127362856937 1.7809247819279295 1.8642100228779002 0.29839975368568966 0.6935617629699496 1.9738321839798458 1.252368741982217 1.1025769170061677 0.7048002119474523 1.2994862824246025 0.9702862665466088 1.788259527663485 1.5042348473499227 1.9991628115072904 1.998647198287569 0.3903994078356385 1.7773908738195796 1.957949862156729 0.8683907312534913 1.9312580460313589 1.3297367531601032 1.815762526922746 1.3852773760430175 0.18845474571190934 1.1606705070997072 1.2960134447528935 1.8074241472830137 1.0131488144017977 1.9332080425931681 1.7703137592579647 1.783808393415728 1.8799564308175711 0.7037098836114696 1.2021792192167304 1.0803992037733858 0
1.4669628358718214 0.6673976151169274 1.5551867154229089 0.20648001631483212 1.07181716564907 1.642106796108538 1.9994151331244296 1.8817022332731892 1.571454294496367 1.87245756331485 1.315536086742693 1.9686792380848925 0.7583042472025535 0.5877416253102556 0.8502949753876048 0.8489991378430951 0.5430078952541659 1.4636062391934102 1.7358530472247802 0.7339536936659418 0.3001175175367579 1.7188578447136367 1.986659182001819 1.741107839465649 1.7563678693626235 1.2734869691157285 1.3972367805658623 1.09007108203003 1.9177835248014294 1.9973474144830408 0.9217699445794958 1.8755498762299068 1.2782238707067912 0.07015341989700483 1.5032440356166195 0.301021068668922 1.259020017544453 1.6156507796817179 1.6653873203579066 1.4379704414749177 1.7656204667353128 1.3840912977713298 0.6881038669456774 0.4945685966284445 1.3976585181492631 1.1313994887312984 1.7581485991612797 1.9102049949283053 0.5887437620270948 1.3927845653189752 1.5314654332324253 0.3546016224298153 1.2609096172375094 1.7647186480896089 1.687950538875267 1.5813490508290908 0.06425359373883166 1.719978550323159 0.35515578025723127 1.404398771862625 0.9994252715778599 1.911223615240559 1.9157888052068741 0.2623241776447261 1.978046744646898 1.7221416618054985 1.402496690074326 1.6608281178392976 1.7401157992201681 1.989070485355991 1.77615238279043 0.4630301868531141 0.5740852858919905 0.7361953985768089 1.9869195468061807 1.5146527597841566 1.9952634661313773 1.9757247816769992 1.397339404429753 1.5598729217662404 0.06308924382124653 1.6530049314819892 1.5650069841775185 0.6443047055373767 0
1.4881589010496996 1.8162486822639239 1.3947904446476853 1.999864630636295 1.7796871065928088 0.9863801628434835 0.23142840354385424 0.847265754373649 1.3759788426172201 0.5281931050661953 1.6206822220767567 0.5315310082983459 1.7733713815649153 1.957515394878519 1.724689084830203 1.8810528676335103 1.9665439318843254 1.2231392998635615 1.1483126290564585 1.9199027940464573 1.9965390515366177 0.8606545813346791 0.41174681536079405 0.8204122152910288 1.1136086441305026 1.4189309014287805 1.2968934363525881 1.5698504469973753 0.740940055333011 0.08053909571981269 1.6829579604954894 0.5196498223033701 1.4145892990242759 1.9839247470520451 1.175846595784126 1.996485099953804 1.6628454258928815 1.321972616208097 0.950155446905524 1.5160042064584176 1.0973425302602626 1.5644964912790191 1.9330678407318507 1.8843956078402404 1.5526649079100903 1.7459845921606059 1.1105090359475371 0.7651471504110059 1.957300158997767 1.556943807020317 1.4212778264154633 1.9275244437012036 1.4303408982234012 1.0989456622489735 0.9135296924937335 1.0743714480364677 1.996442089986187 0.858673517929066 1.9924817055927124 1.5466942413348697 1.8166975813489634 0.76196063098847 0.7474263431177467 1.9503304508495558 0.11296541838525159 1.1705413864036711 1.2912782126972138 1.2618350762868105 0.8222487791954969 0.02560449214424287 0.7527191113291668 1.8950303858066715 1.9603915123112483 1.9192260827322394 0.04528181756500107 1.1617410567485453 0.3198712962574117 0.12825931909763222 1.5529460467580374 1.389426880988744 1.9963722956109855 0.9696113050314188 1.0966006912493984 1.8263478259773447 1.9915806215049416 0
0.9485087514752001 1.992440120208494 0.827769903534006 1.8741266948562367 1.366147764101231 1.5167181611710279 0.45413407032740066 0.18456327625033572 0.8039558408168412 1.149512231955937 1.1287814935345468 0.1519356685341347 1.9816326223467258 1.7034543819017989 1.9655497582378447 1.5403782448856467 1.7274262933268871 1.686264365279508 0.5267794476295506 1.6172246964985284 1.839088362533579 1.4205577657704658 0.2744965062852725 1.3889918044677798 0.486072241676236 1.8120356460055886 1.735424574973102 1.8964593868135982 0.06893836975326685 0.6001257217811063 1.9492563467319155 1.1422568317861646 1.8094237089459813 1.9525922150725858 1.6537500908015357 1.8387290079102752 1.1889688226140633 0.7364392826063747 1.489408176171268 0.9854274964456309 0.4671156237916189 1.0508722660017098 1.645597203048933 1.9999886222225243 1.0347613620148841 1.3131443895350967 0.48245396657612855 0.09504655849542959 1.7029047414315857 1.0405767931988508 0.8615780775054177 1.9943766664775866 1.8188563349232731 0.4689804969260092 1.461464660783054 1.5816257624694179 1.9191084030175056 1.4190124463842373 1.816449352087738 1.0266672874741807 1.4267180648877213 0.09160264921944507 0.07592184563877616 1.9852053186124645 0.7816943055960215 0.5530474099955627 1.7317520750122333 0.6626287263020871 1.3904403449142122 0.7005067232818157 1.3350841838401186 1.9996152720223506 1.7108890883102998 1.6158053757068351 0.718906345310926 1.6439118666533201 0.3667400763023374 0.7957742890065079 1.0351430752765276 0.8209637364103194 1.9194360360792415 1.50411724094992 1.5976861440900687 1.9944146545529808 1.9362066871266235 0.6764667397751912 0
1.9711717326874783 0.469863649829111 1.9894836659834398 1.2588255657007716 1.8197283302906417 0.7527507756025371 1.7017073123396034 1.946550126754644 1.9919857001577677 1.1853352938996409 1.924539635988382 1.841993840979282 0.374757949168695 1.53591608626821 0.27561644740957486 1.6997859104123347 1.5056300675533874 0.482378213937554 1.9966844136702857 1.630464417149919 1.3307569722937658 0.8821185323208877 1.7904983100540737 0.9217020375878601 1.993820694175919 0.2253097104528659 0.3896748116739478 0.0018830084983322438 1.9166892877869186 1.6173713802057106 0.19644449438533543 1.19245382462476 0.23142053746445979 1.0321960519990567 0.5395218653264044 1.3314390883617155 1.9031353472417831 1.997194837108318 0.7909437818435824 1.963598567681765 1.9921925905157 1.9477404452881164 1.6015666506076107 0.6433472113275341 1.9519414946959202 1.8481853520906641 1.9935243041884705 1.923988689950528 1.5365874488871507 1.9504478921702484 1.985318009513164 0.777233524132752 0.20914888126581854 1.9923609946163874 0.828791619048142 0.656663641729499 1.1449238781963578 0.8840871488125802 1.371884301170892 1.9539777906633817 1.7829949554754052 1.923044380003378 1.9186734750648156 0.8624172344706612 1.4961030239081234 1.9980688367802737 0.39689570243575834 1.9998157801191119 0.9199139701321555 1.55267128497718 0.9864098942834522 0.6740179342312855 1.5267360629345788 1.6318591852173725 1.5401913080922578 0.5562397296643659 1.7469156130241628 1.4858910343295428 1.9518442436753796 1.9902348491195834 1.1439685129196118 0.7705263215452465 0.6316071307538567 0.49358861432701046 1.0916493375862661 1.5686830570299204 1.8958605303786973 0
1.300792729122985 1.9101022090877673 1.1955244205789137 1.9796756017452424 1.645181710753928 1.2052761859377865 0.030150397158813416 0.603260992150678 1.174513097801008 0.7757350505257827 1.453645077949501 0.2750220453517476 1.879006267640254 1.8871481333262936 1.842227544924648 1.7761373852951374 1.9020781431959068 1.419428837491411 0.9244869848642939 1.8302186010441528 1.96405073047531 1.0891882351222963 0.1524646996594699 1.0517266957015394 0.886971037939693 1.5909477728992967 1.4847282018873094 1.7183193480538024 0.49183322814879865 0.18128948070565307 1.809731771514225 0.7675680585714658 1.5872127875008284 1.9999825570965084 1.3771743669075347 1.963878021887802 1.5033703556391171 1.1145205631125206 1.1719814058503406 1.3325387989883477 0.8694345524015006 1.3882689791340446 1.8494458690766824 1.955804584915663 1.3746161425565375 1.6035439660512423 0.88362704427082 0.5171184366280552 1.8868006462922229 1.37954941564587 1.225216162620321 1.9807148685765648 1.6007466823758163 0.8711615643539103 1.1381900720734084 1.2855982796109304 1.9949052460353751 1.087347397135531 1.9527568432239486 1.3677403494170333 1.691819807111034 0.5137872412141458 0.498603679112494 1.9914903092851484 0.37292951247747097 0.9485918219029759 1.479783829585634 1.0482468247772079 1.053439419560715 0.2867134901481543 0.9883986089232852 1.9623373877079808 1.891826269888738 1.829245379483006 0.3061765118364614 1.3645172497737883 0.059142757821834195 0.38797152760233033 1.3749401288234726 1.1895273743872232 1.9949880052403992 1.189879548642596 1.3057597674976373 1.9172058088622794 1.9984588205305047 0.261349968017452 0.42471962119431883 1.71735503673365 0
0.929959776090338 1.2576521438473283 1.0470981172393639 0.4683961710481287 0.44770524857479665 1.928750687278005 1.868958683394285 1.548229738116509 1.0692312514089315 1.9996298889586455 0.7381875754297761 1.7385857003288443 1.331797339563414 0.08306403779193088 1.4050548244346976 0.19686309402260097 0.1296342358823899 1.8342301248587416 1.3054783097876885 0.07186274480812054 0.3761272473725334 1.961384122500251 1.7961838173443974 1.9695743058241473 1.3370656900168918 1.714685948384335 1.79430701327182 1.5866477138370625 1.6189445640744142 1.9174521175693506 1.4606670195113745 1.9997805982593586 1.717844064281774 0.7323623568572567 1.8569873495996243 0.37522958467606843 0.6690563271631969 1.130333578957266 1.9392888933581287 0.8924152779394836 1.3515177274218944 0.8237325685733734 0.022821439418562323 1.1122141624858626 0.840900529878189 0.5169894837979722 1.3398367389293502 1.603464184254449 0.08201641657430306 0.8347235018772654 1.0151395582081477 0.9903930950797585 1.706261147224201 1.3501032026300464 1.9489945674769749 1.8990560811996606 0.6057074738545971 1.9618120148885487 0.32118960331021246 0.849460671128822 0.36484368661891176 1.6055224136444433 1.6148315921674739 0.9081950640685786 1.9634336900921652 1.284689815284515 1.797547963237279 1.1944430643082358 1.969223301179316 1.9449234181106034 1.9810315011678779 1.085071354878944 0.09732114214279483 0.07427154834846177 1.9494159704327643 1.863372231807141 1.835313045863968 1.966292511033317 0.8404957697540726 1.053455438528486 0.6068176024249459 1.9337470350361876 1.890587810784699 1.2385517104023795 0.6666308636743628 1.9387965753350247 1.65846024584366 1.587793385903032 1.8580122352745498 0
1.6842966821382375 1.6572907361386648 1.6078379160580978 1.9774032383872013 1.9036301508122473 0.6926560723422047 0.5490063423840887 1.1285438407282726 1.592188903291517 0.2099487060755454 1.7885719148494807 0.8357351599495952 1.6008790489728415 1.9980302439995534 1.5386490001545676 1.9660485935911838 1.9995561998172704 0.9517242521714933 1.3975338453750024 1.9851664040295725 1.9893467045402229 0.5580071791966665 0.7222147751348204 0.5152840803700577 1.3671252396406255 1.172853622634553 1.0341725101629509 1.3492793484981858 1.0310393110327347 0.4020015243199602 1.4865007709989886 0.20114315737824434 1.1678657123000917 1.917074493988506 0.8993298964598029 1.9894407023245124 1.8203963378117656 1.5468559837167548 0.6536712500062961 1.706664431206194 1.3528135963701509 1.7450683154268356 1.9905323039436769 1.7515427347528179 1.735766472195722 1.8805267694396028 1.3644009187819286 1.0533411864658588 1.9979834457837529 1.7391357794012021 1.6297400170362224 1.8161502456422132 1.1859829800190254 1.3542257370504727 0.6144128596047252 0.7880338347826398 1.9510254447375044 0.5558998807591653 1.994323000109438 1.731055183378228 1.9278729089182587 1.0504088679936998 1.0370209213988109 1.853274102450768 0.21078024732803585 1.4169187411293367 1.0278618302144593 1.4957221815156732 0.5172300671334586 0.2974847740103477 0.4438042597494103 1.7669916146102171 1.998612616589022 1.9848719351851116 0.2780091161475314 0.8837697796845938 0.6343030651125878 0.19553771366457418 1.7359880295180088 1.6033838483716278 1.950768893282601 0.6745898686297098 0.8122900350632037 1.670850179037252 1.9358861988701659 0.32278006174728296 0.9713548719357843 1.3478888129995537 0.5779361604656621 1.9926206557224349 0
1.1732686664140404 1.9519018947963007 1.0615204583464004 1.9500804658805202 1.5475043090927663 1.3307742695936984 0.19227308881815813 0.44658871086068813 1.0393246859207281 0.9227179959918352 1.3374234552522435 0.1134164133381325 1.9283875766465743 1.827200885126585 1.8993153237021037 1.695700104979831 1.8456657264926504 1.529047580409235 0.7775729220108366 1.7587704713632222 1.9269551219390575 1.221669681096735 0.009806162360325537 1.186257289136643 0.738634707400774 1.6840202925108476 1.5885356071600327 1.7956760125973767 0.3329540553029359 0.34226460641930384 1.8728327305640378 0.9148549861558504 1.6806940727240607 1.9927136674825716 1.4902849162003464 1.9267101800545128 1.3914145404406977 0.9761330357937683 1.2995852887794492 1.207162638143079 0.720460743775027 1.2669056282366389 1.7815953233774213 1.9832772773808318 1.2522398660642 1.5012994053812907 0.7351678252824492 0.3586906081663794 1.8267742942772074 1.2575368422163467 1.0929454949871458 1.9966631777399728 1.6927346194966153 0.7222497731844442 1.2678447401079216 1.40564322101628 1.9767577297175511 1.2199317576815167 1.9112662825087572 1.2448614499816233 1.5997170684571718 0.35529831152949787 0.33984255627652865 1.9998774287975982 0.53109552062322 0.8026346371718668 1.5840502991197867 0.9066212691838652 1.1878783742915822 0.44633329970678276 1.1261847174173378 1.987207357120886 1.8329573573636198 1.7576215704535756 0.46549554038886004 1.4786360363461506 0.10322169943959705 0.5458515280258993 1.252587658758086 1.0551818463909004 1.976934477660076 1.3163621764649696 1.4243473247540535 1.9570847009418293 1.9855045565104525 0.42133796704487464 0.2647798432685649 1.794846079279982 0.16224049422540904 1.7918493999544935 0.7313505780707492 0
1.5237546185611837 0.5861622120790203 1.6075408590104907 0.2913614406533431 1.1430453550141877 1.5917812295265354 1.9996543438727004 1.9089592743979102 1.6229216686762633 1.840691132511613 1.3787535956616372 1.981955291698726 0.6784691893316515 0.6689548486910638 0.7721042959687046 0.9256613351990536 0.6248258517530488 1.403979105893256 1.776745907936273 0.8128423760293886 0.3844018822589479 1.6735591669073548 1.9947039473855104 1.697429410924328 1.7956708673055972 1.206373960698809 1.334764281319022 1.0173666853303829 1.9402994338937032 1.9911167982011775 0.8450246532717668 1.8441353308665016 1.2112743308376888 0.015385450199591175 1.4454555745553515 0.3852987332574128 1.32432236674364 1.664584485016253 1.616504468085836 1.496098670253637 1.8041800401958452 1.4445633737301768 0.7677803368352809 0.41124507170578306 1.4575566774328832 1.2008913027439543 1.797309847657661 1.933797228480254 0.6699428807612917 1.4528901235651672 1.5850721369620029 0.2701049467086416 1.1933676267650248 1.8033514419736578 1.6405311030068435 1.527539488879209 0.1496779929290441 1.674759511537328 0.4389989086350068 1.464007826563254 1.072594035271575 1.9346740640568096 1.938592940909939 0.17729575728181635 1.9635998136029067 1.764055639427 1.3402398171729526 1.7069600902550042 1.696363312941446 1.9783217436715206 1.7352109926685928 0.37940295312133016 0.6554882707497631 0.8150441452230807 1.9753362076912866 1.4574147084713152 1.9993209480424925 1.96063232660404 1.4572511851165857 1.6119739968492615 0.14851629410337125 1.6033466263127931 1.5103220766196084 0.5627476262782896 0.08552732644139795 1.9819192736402744 1.955864452880385 1.0189874175335438 1.9999876354521013 0.7466575184880784 1.9126334190411807 1.993966809788222 0
1.7029090619760745 0.2887904414490558 1.7696813938040314 0.5886460867579433 1.379156259296798 1.38929688389605 1.9707831274028944 1.977440453690427 1.7816825749183127 1.7004546917961805 1.5828962054055573 1.9996718805899205 0.38470138964903344 0.9475927768586265 0.4827878678399987 1.1843123043046428 0.9062685183224006 1.1712341781793039 1.8956453259685162 1.0810817211186992 0.6781820771898057 1.4877217426232214 1.9936423421074927 1.5169945458988137 1.908639627797827 0.9499659811011971 1.0929374647191819 0.7438996770066123 1.9914677970487795 1.939382780163674 0.5597603971964112 1.705098077979341 0.9553743805799543 0.3191081257129918 1.2186276595179553 0.6790417900693703 1.5366822088822798 1.8137230835996168 1.418779155917882 1.6804130579488026 1.9143806642262295 1.6379722987003738 1.0394887485511692 0.10905325385586988 1.648733141650891 1.4299724462710532 1.9097505592986437 1.9888868153508303 0.9485160045868596 1.6448729130977486 1.7519974394576165 0.03415772034638363 0.9356286301854612 1.9138245609476514 1.4476487402685092 1.3136300511713441 0.4509978966870914 1.4891872333125107 0.7303997416824414 1.6540611103138887 1.3166476509622953 1.989246804575295 1.990810844096319 0.12747695621361918 1.8830791697008145 1.8867720825524068 1.0990978171346582 1.8455132557285652 1.515681138894735 1.9107233244179698 1.5639402865442744 0.07660522027219993 0.9350006480351805 1.0831088585972983 1.904816528572793 1.2323648527967155 1.984022421443575 1.8778620025395418 1.6484805918227055 1.7731493948001102 0.44986288471283653 1.4030614095623462 1.2935581165773822 0.26458083583490105 0.3881664517809958 1.9181312974692177 1.9966454263188829 0.7456472552676934 1.9756939074593356 1.0199242194427192 1.8015798488771282 1.9943996501519532 0.30391033332702067 0
1.4192993481724376 1.8559470371077302 1.3211757154611625 1.9961832170670446 1.7317002725854507 1.0723651238217806 0.13154288355208085 0.7553741162808629 1.3014819514705602 0.6242370542024845 1.5598913070420675 0.43420043243124584 1.8175025690342972 1.9344968219967849 1.7732881960335085 1.8446243307941326 1.9458078326673993 1.3009323352041646 1.0647745947129885 1.8893967593308898 1.988132203038119 0.9500815570540586 0.3131088778497467 0.9108242852185724 1.0289212617719066 1.4878095180592223 1.3715926475825326 1.6300014870145585 0.6468749091880133 0.01974889431530583 1.7350154465309449 0.6158207750769658 1.4836918237338774 1.9941171962325568 1.2554764612885376 1.9880325801751622 1.6050414186981188 1.2450692986955594 1.0371908732998019 1.4486977869152267 1.0121347077601963 1.5000654692541993 1.9049143578902072 1.9156215047735923 1.4875111096684266 1.6948848813573905 1.0257215949098384 0.6715448216316189 1.9342304099799086 1.4920497579103462 1.3489462924701414 1.951848362305428 1.498624602037695 1.0137886247727965 1.0015781244745412 1.157592909514211 1.9999097123365255 0.9481502657500588 1.981290281281449 1.4811810535802261 1.772479639934399 0.6682963208842339 0.6534833990639005 1.9700851378318662 0.21293133833426206 1.0877682921932397 1.3662233874938 1.1824553661418047 0.9126170696838525 0.12583212150677978 0.8446682706708951 1.9247041546110804 1.9380701367990327 1.8886049153432647 0.14546721732110912 1.241897949804619 0.22049171978527154 0.22815968285076024 1.4878092584539218 1.3155582134710841 1.999898303962817 1.0560886460816568 1.1790740245064768 1.8649174512805593 1.998266831798807 0.1002680442081818 0.581257609512233 1.6289096366368359 0.1616130483196565 1.9117434042467207 0.4213277661297063 0.322790360045678 1.9928790040985689 1.9441135347006344 0
0.822162950015414 1.3485969444383337 0.9430855137232479 0.584092050272825 0.33007064984290907 1.9569938256546975 1.822922316438925 1.4695621716309586 0.9660059952800483 1.9983410332303961 0.6254526560400594 1.6762078461791692 1.418832430386343 0.20268299103549314 1.48783636467336 0.07721958597806958 0.2490208240691299 1.8787161732173578 1.2123186219913855 0.04806075356783444 0.49318387982895884 1.9812999242130012 1.740234176147947 1.9868629693424957 1.2455154459353905 1.7733067736903783 1.8440308635313194 1.6567731673172905 1.5456504295829872 1.8799216893918331 1.5399243337892632 1.9979609708820212 1.7761428449467964 0.842591589365813 1.8981630606005224 0.4922981202344255 0.5548881248394567 1.029410134711893 1.9651134361135412 0.783534194518795 1.2607278436449378 0.7130192740180453 0.09708349581505989 1.209841314267071 0.7306273121348136 0.4002624642600841 1.2484310954852997 1.5289361725507224 0.2016398467624657 0.7242905906735848 0.9100318274269651 1.0927548590458331 1.7657304489133074 1.2592382136954123 1.9723898523949772 1.9332436342500106 0.7188607337208557 1.981598067674994 0.4389280057320378 0.7394112892905742 0.24632747457077148 1.531156477015104 1.5412062463901672 1.013362277730554 1.9370866508289253 1.1905086778377345 1.8468696173346684 1.096149468334651 1.9866314742696547 1.9134892689349638 1.9939403440073118 1.1838168117073873 0.21687588959640422 0.045651002489142986 1.9191221628408563 1.9035674365965016 1.7843796128168308 1.9408425298226002 0.7302120410371498 0.9496665303213578 0.719947701394491 1.960868571711181 1.926293509391754 1.3304451707267977 0.7784493074116361 1.9058833642155935 1.5884815384586544 1.6578272130710998 1.810311708997928 0.11987171172189902 1.9787505333209974 1.735380339553402 0.8565200806545952 1.121203901526288 1.8730900884147363 0
1.9999021136241415 0.8101040385269217 1.9940287458587105 1.516578082879524 1.9388339130979655 0.4090796741632849 1.4862395866905043 1.832965679605127 1.9918451802012906 0.8779894769020951 1.9908514927538146 1.6728685217009516 0.720210058386492 1.7403272303581978 0.6255922902186167 1.8609222627011368 1.716875072416969 0.12732114088762286 1.9438695035250564 1.8113908928765086 1.576411509563447 0.5467333801128915 1.6021664603222938 0.5892567007931684 1.9335407863979646 0.13388536788953126 0.03240734221092372 0.3596898439548653 1.783557846642428 1.3807786439733627 0.5493816966307169 0.885934668050021 0.12774748351030818 1.3220386759330738 0.18624467625253754 1.5769737887944895 1.982439392269015 1.9839136058272726 0.4495152169084182 1.9998746762395847 1.9284588233832127 1.9975781835884456 1.7900517336570412 0.9717846158961073 1.9984180326278795 1.955116938855938 1.9325840580850915 1.7952285194094684 1.740843660245371 1.9981359573211535 1.9965618920564483 1.0944031547298418 0.15010135188627943 1.9289663756532263 0.48975148575129085 0.3080678780821403 1.4198512957716476 0.5488435678421787 1.6101299323188443 1.9987713358330772 1.9163338201750464 1.793706184574536 1.7867088518977436 1.1713607336425635 1.2344862651281017 1.9501063580821811 0.03977082815374958 1.9724032103547227 0.5873315623376759 1.3020652076149168 0.6592056105325221 1.0000462952357805 1.7332504396925241 1.8124114208704882 1.2870639338845953 0.20354477245176894 1.544496180306655 1.2223953671185765 1.9984002438934747 1.9934380114982198 1.4190306146417286 0.42787825578665833 0.2818905270963542 0.8323927136249903 1.3738660656839181 1.3213935844195677 1.7513053477015363 0.3578373785369688 1.5062460862044575 1.7797565066052574 1.0617752588100395 1.60801670961026 1.310454794722251 1.0656534900631647 1.3949984273336036 1.831242160360541 0
0.7183136213647272 1.4295329397705412 0.8423920097439307 0.6907554733417128 0.21859839598543807 1.977098592689501 1.773758751052284 1.3909317686098392 0.865976414904426 1.990596619719033 0.517612503903893 1.6121885757983239 1.4958697209636531 0.31427524876020624 1.5606563043156814 0.035311042032388086 0.36024348913751886 1.9143198975288078 1.1209294787624797 0.16044444820577472 0.601421571050414 1.9935105107043143 1.6820380135206068 1.996589955414234 1.1555281080656177 1.8225198267329135 1.8846633708761353 1.7171636934648147 1.4718138424890705 1.8385540295367075 1.6092666669711608 1.9897197035393452 1.8250444043944127 0.943279563495011 1.930596641475064 0.6005498783667342 0.4459336819531493 0.9313333219812272 1.9829219467801642 0.6787936790655117 1.1714043103461678 0.6067899358868504 0.20928945771250415 1.2975020406337776 0.6247533779904373 0.28941237922262897 1.1585699218110088 1.4539963255831116 0.3132397170776134 0.6182875161069927 0.8084187045051101 1.1852416208984082 1.8157645209135675 1.1698490701373774 1.987894858238928 1.9590045375230065 0.8226973485989038 1.9936859177648136 0.5479829218891283 0.6337186864003584 0.13430173444148685 1.456361466824115 1.4670733709865649 1.1087414090627739 1.906026978035381 1.0982322887249745 1.887115405016776 1.0003223586866345 1.9964713697846368 1.877732822226922 1.9995339923475646 1.2726121032656013 0.32836148102347235 0.15804168819966372 1.8844174364115902 1.9350631992295477 1.730746491647491 1.910612408753449 0.6243296009918766 0.8491614296958896 0.8237590266272626 1.9799081131648113 1.9535018273668288 1.412330784401488 0.8808384147129937 1.8687637809757114 1.5176162120073424 1.7181283066326618 1.7596276707176062 0.23197197420246737 1.9592634354320897 1.6767126066407587 0.9568184086767435 1.212582162768524 1.8306910076926257 0.11249226254157021 1.873569833569752 0
0.0019981978777953505 1.8357204811107848 0.13669022837762537 1.3172747444429653 0.5080648297485775 1.9540004473831063 1.3250443976473287 0.7838128884390908 0.1627001243878297 1.7890988346114354 0.20877700067936913 1.081211710041481 1.8721556945496098 1.0009663065394514 1.905129802215801 0.7493043626226155 1.0410665375644859 1.9947317949238026 0.4531926609654386 0.8639359276590458 1.2447964347170968 1.9188807324597215 1.1828079910839915 1.9059070399792981 0.4940742511360291 1.9966255614964357 1.9993700694597785 1.9705114145853915 0.8890429725419998 1.4345373824594252 1.9278756436763649 1.7851245592697664 1.9969732817660182 1.5124373427816722 1.989574009111913 1.244080970404355 0.2820729807455555 0.23549762821444425 1.9447540709026623 0.040176424647020814 0.5129644531990505 0.11615783124362393 0.9079149386823719 1.7566118401696775 0.09730411471672255 0.4387018339860676 0.49768705124405127 0.8655610301523428 1.00005842147044 0.10409816081638541 0.09945714000142494 1.6836697481465088 1.9956156383396169 0.5111102429533471 1.9346761009120435 1.9733128099291053 1.4211265238187811 1.9182610382602452 1.2006477943348468 0.08786930011878041 0.58944236682379 0.8686678103754784 0.8827778734809478 1.6314388485743765 1.5625024542207229 0.4265798452063113 1.9991716870159941 0.3135407398321288 1.9065166251945134 1.506458160700303 1.8823013317515846 1.7408505536842727 1.0132963485791704 0.8617613760591365 1.519330025682106 1.9877262723077123 1.256854274001513 1.5720206492491577 0.09774966830371991 0.14414206431784815 1.4219459735985522 1.9498109078592725 1.9774491574896187 1.8258813685982245 1.4656039096234577 1.4894931366084438 0.9502674672319451 1.9708327018642298 1.3023099010215058 0.9281902649185186 1.6853733615770228 1.174886325257176 1.5224595826007727 1.7018603002725774 1.4207064795281714 0.8203409852717325 1.9999208849111767 0.7164483902772855 0
1.7351881308298043 1.6003594351299735 1.664267415509978 1.9603107093817413 1.9314331751299763 0.5997573991883045 0.6427128657804316 1.2082058007055232 1.6496611766220195 0.11210031943682817 1.8303336216836794 0.9238873120464761 1.5401255635227369 1.9999778819674539 1.4740994658604951 1.9816861446832656 1.9992148409126762 0.8642637447082891 1.4660531202506109 1.99470539608326 1.976834568860299 0.46309434535370175 0.8128605778543149 0.4198387545570329 1.4371083078956213 1.0919490467100463 0.9489274196225354 1.2752139347675535 1.1138893312589142 0.4976520884997654 1.4190546984043104 0.1032607354655673 1.0867905225554924 1.8867991504838582 0.8105902327973437 1.976973061129372 1.8588494734107361 1.607200573035031 0.5601357415120244 1.755774393426312 1.4234651820156399 1.7909116821230417 1.99767220103793 1.7020591920778745 1.7824272580519287 1.9116722570389788 1.4345122291346535 1.1354961915007906 1.9999825382551542 1.785502526077335 1.6846617333783673 1.7728617211876099 1.1055330108172126 1.424811924417953 0.5202806916454978 0.6968858953092254 1.9270905351833076 0.4609596041457378 1.984531614338228 1.778123322264299 1.95166822240129 1.132656379734567 1.11968645346899 1.814146076100739 0.30811750755185124 1.4844727572452758 0.9424380484606609 1.5590696592128073 0.42180790979822214 0.39417243740274893 0.34757862915864085 1.7188915613397666 1.9998598441522983 1.9945286722175564 0.3748591795775112 0.7946686300534389 0.7266103115567001 0.292969705375784 1.782629550314342 1.6601129881102583 1.9267785338973156 0.5813905215438382 0.721632471533576 1.6149005655439106 1.9089050228357807 0.4192424238675194 1.0559706793935857 1.2737627716932824 0.6711909988233437 1.998642895519708 0.09813769982240728 0.8218105191433562 1.8816406085689878 1.7567928640744217 0.5167555820756238 1.9906346037810703 0.9773302119820817 1.97660961224022 1.7361809148547953 0
