0
1.329140064885074 0
2.662879796345338 2.950667799674876 0
1.6618180133853186 1.4386070286760813 3.3528182962509865 0
2.1994149856394194 1.156471086022203 2.7133428019646813 2.395195090105676 0
3.635365409926929 3.910992554083571 1.8319034794682394 3.6415605682419834 3.881197381094426 0
1.5575352554259458 2.7023040342881837 2.795650049401977 2.219373494737847 3.5073353055370546 3.128334113154985 0
3.2580740540063724 3.8242995114515823 1.5528295333600137 3.6326969338371082 3.9143016129989445 0.9312744326005454 2.5815187312474652 0
2.2650283743310005 1.556444049265882 2.7086350848495178 1.3926338407319176 1.7572646322699679 2.9697123935834737 2.9151918287922998 3.2285208313340314 0
2.9200467153597973 3.1001405989202335 0.39117616933554705 3.43428388584742 2.8031928107240986 1.5799584144690788 3.0154826264489762 1.4906329489523762 2.663329683336182 0
0.8975774089992136 1.0954317827872309 2.6115780887535607 0.8959847518358292 1.9978651798301454 3.2324588036000126 1.7129145086075825 3.0697467954657496 1.4536105265539094 2.7605326025961805 0
1.9784395163227964 1.8991013482323975 1.18173003568012 2.6696271140618277 1.5545123100609501 2.6594231899444893 2.7518551777509064 2.5160283064277467 2.0195662397737255 1.3533645811738735 1.923075619275763 0
1.246487173544638 0.4873364312565469 2.600358569394312 1.2234737119481602 1.2551510633744547 3.440824966440871 2.4190618227364697 3.381709746499652 1.1907729805405785 2.725215992075464 0.7658177404398012 1.6405279145757623 0
1.2543700689518076 0.5108820002698767 2.448586750220974 1.6267924070234754 0.9877363304071538 3.502461014048935 2.552443329090697 3.400117143927755 1.4610621602757226 2.603029881457638 1.0483028490912378 1.3894835972069122 0.41353384714901875 0
1.5283029051106043 2.03280271885423 2.078994677047765 1.5617087612552607 2.6150554534944144 2.2981628896177275 1.329982920638036 2.104158982693646 1.69679801735157 2.1771693654948954 1.0484091196924594 1.9034350553873554 1.5905511226032012 1.784854570673189 0
1.0474698829834934 1.514950547801625 1.8332648610243705 2.299468481295798 1.7694213576676825 3.2123183570530474 2.0849485767455214 2.8411046169551315 2.2626368408288227 2.125354784438666 1.4242723793415044 1.0632665299853257 1.3677764152182617 1.1171731897855366 1.6935979369496317 0
1.448723890521472 2.0622882921521617 1.2706180689904247 2.5497339765251845 2.2313822249699973 2.6329468391160136 1.9000852183870462 2.1795335322263436 2.393150721979043 1.5920338479339158 1.6761311025550294 1.0014236003945665 1.7852069528277448 1.6192913436970662 1.4830056583065208 0.692966549252554 0
1.3065802771790433 2.08112311201711 1.8957801030916672 1.861263665272228 2.647681524008903 2.4068104087985835 1.0756877527155506 2.0263407933834836 2.0552397686227097 2.0765987383996265 1.1576866133328194 1.769208489760252 1.6900278798123083 1.788756618865431 0.5023674726655782 1.39404656256965 1.1142126208297096 0
1.1736785514965735 2.0197838629708182 1.9231047759815187 1.8731018324400366 2.6066353202291745 2.5383105435827678 1.0372884693389184 2.1284260029710875 2.1139177539460983 2.128641710155588 1.1239268464788397 1.7454382115674354 1.653336558835518 1.7310441346958458 0.6311844915241451 1.2808602725384808 1.0377463814296481 0.1600576382156269 0
0.8684340467492678 0.6023049596681597 2.6049546819712397 1.2008230886689246 1.525398121158186 3.4832771949095296 2.1145609163054284 3.32705979506335 1.4888501562747425 2.773435165191633 0.5465676166987969 1.7077468107864788 0.3838361987678439 0.5552781095339414 1.4719108387826283 1.191418463188909 1.6361852477871037 1.493417834943261 1.4300456812565672 0
0.6377102900519409 0.7615475854778692 2.507253586510888 1.442860016215578 1.5984886755168952 3.5027050330524037 2.0041813588165236 3.2713883221432587 1.7467708194373397 2.713577378196364 0.678174831770623 1.6253387839380102 0.6371238326714488 0.6261068698533878 1.5025708465239829 0.9463035313709038 1.443393706250022 1.421250018803913 1.330437866159616 0.30262964783222024 0
0.6957803114897978 0.9824183226598711 2.5924626376843105 1.070162971245191 1.906668660454014 3.345234109691226 1.7359669979503434 3.140146465236581 1.595342490794284 2.768439119849192 0.23763331818268246 1.8497128020310272 0.7173842643189725 0.9273910215011291 1.1862471098132268 1.2525663014773831 1.5803258337478507 1.2031659265860326 1.1399423324570082 0.4007875657315321 0.46036218693830644 0
2.028949968704488 1.4670268230190602 1.8042576995412074 2.29966356985688 0.9685137817377872 2.928643685431088 2.9918336785802477 2.9682791620559343 1.4528997365316405 1.862819498188395 1.7351999690024789 0.7495812364945271 1.2230308093585514 1.017060124654325 1.9596653773591883 1.380620069741316 1.5563940118556523 1.9892797776118014 1.9819948854690221 1.4472409116901375 1.4890635010755258 1.6938778384519315 0
2.019594760820387 2.418821502074241 1.1035090974855923 2.413456568412843 2.5763808732699065 1.6466943909227367 1.9313350005363576 1.4077434155417161 2.008605871538467 1.1849747951843774 1.7571051010843968 1.3478317080132116 1.980518772188804 1.9952917597012332 1.0046059034119093 1.5971143700570956 1.0816531081011875 0.9416339603763391 1.032350722735097 1.943150791329487 1.9051770932464454 1.8093267580186598 1.6836902818635002 0
2.318665100670435 2.2808780104952824 1.234918315866496 2.3866139748726574 2.195208726243237 1.696849567567323 2.5499893981063293 1.8372614451349418 1.553856046097192 1.1439308758661129 1.864401435390373 1.1847615518233838 1.8359616560570555 1.851824235089391 1.3596759645741145 1.8133634563714796 1.4904282027544855 1.4906411316686166 1.5774662041280807 1.947313427741639 1.9930006323471698 1.9372005741059424 1.2599584818639225 0.7540726918180154 0
1.0379213824279754 0.7137319966855994 2.6538744461115913 0.9593127628306432 1.6239056042466236 3.3854642000986925 2.10247754061941 3.2819352028140867 1.2778428547160186 2.7908434961658943 0.40895507593724445 1.8095002253002905 0.37199246056279917 0.710211080029879 1.352459723486162 1.3989499945324662 1.7612697363995424 1.4648057032259028 1.4278497633324991 0.2775946312794077 0.5575369381245111 0.39901732882657576 1.4953673880536607 1.9095125577120848 1.8783176702001942 0
1.9425873213418436 2.284996252242677 0.7266415542485091 2.7091709413192153 2.2353995906767565 2.1410994110064463 2.258435149731783 1.823921845273131 2.24187960152307 0.9936381515547177 1.9188682654502327 0.7634678821934657 1.9389278897233646 1.7957159222239132 1.5296114388454805 1.1593397753093222 0.623283641853255 1.3059259693595275 1.3048443656815456 1.901939590595478 1.7895021679512182 1.8809364776207336 1.3717346578319543 0.7553561385981826 1.014404215745306 1.96718474923997 0
1.1822806757598712 1.5410538440321737 1.7550423390754528 2.3735974668295667 1.6958587247105843 3.183504490982722 2.2062973214334916 2.8319506205108165 2.253468079828326 2.0437741969559235 1.5084232962140909 0.9399539763716724 1.3931151464385707 1.116592061223514 1.7570777947538272 0.14520946152950648 0.6906692230712556 1.472463421616422 1.3688461682094746 1.25373950493703 1.0267078294333776 1.3439009476826211 1.285342534451203 1.5902844846298698 1.7648569041725188 1.457326310790517 1.1002915864788056 0
0.8933546996550552 1.3992101960168735 2.5040498198296772 1.0557772328754305 2.24708609576913 3.054694379182888 1.407900465197881 2.83782371990093 1.6231209458897466 2.661962548986236 0.3237693695837275 1.9545893467418427 1.054240271023648 1.2920503454680314 0.7980617969963191 1.4310969025047504 1.5660677039179265 0.8791917798861187 0.8507914561883329 0.8178725963698944 0.8624194156964704 0.4453284452107461 1.8732977306958876 1.5874218944195497 1.8112411114631766 0.7202345553621928 1.8221093711132348 1.5263963447286124 0
1.5812094594428212 2.273743773163409 1.5272503645478748 2.1760270419527266 2.6753332965863867 2.101590716726602 1.344621206576646 1.687634111312057 2.1454951056689398 1.7074400365010804 1.4572681182922624 1.5852599460333203 1.8678731040049252 1.9112379151096495 0.7113654048374516 1.4015577401575592 0.9446349797942513 0.39579658072938606 0.4699600188803993 1.7185126900432017 1.635229148702085 1.4907272140487846 1.9121949803190352 0.6045723652995079 1.2668847936115402 1.7053216511718143 1.0044379117754663 1.4492479293042067 1.2166208289007723 0
0.536049794416512 0.962792391576646 2.3866325458181303 1.6583903782095308 1.6820146766192814 3.4716609584471643 1.9282960174329795 3.183111388951291 1.9326726400863519 2.6215271509691536 0.8380233577867408 1.5382298667143905 0.8540658813520925 0.7551198150726903 1.5231034561691041 0.7324441789841266 1.2592493147080324 1.3595638854039607 1.2498217177582287 0.5472553648695748 0.24987969248151803 0.6163273454136843 1.5164787473873822 1.8433274247921951 1.9961244696990315 0.7886705220381134 1.665693612887012 0.8299287247691546 0.9465790254376423 1.548992505350318 0
1.292981746387069 0.6322536623259275 2.6334431366350706 1.0536096873347285 1.4038139016265465 3.366345189710811 2.357562402812512 3.3310653303040034 1.061211034203723 2.74183697545771 0.6690057974573548 1.7321336560811653 0.19698658796660848 0.6034563763629829 1.483293601402107 1.484986663961252 1.8470136019449361 1.6343041259442979 1.6120166387467416 0.445272301177654 0.7307329009494076 0.6816904457131865 1.3102029466423126 1.943681183847259 1.7971037012087527 0.2935161987348778 1.9777026177691626 1.5166532156014814 0.9619777020023671 1.8286819651280488 0.9555908777252087 0
0.4929361234555938 1.5035672863685632 2.202424528193373 1.7648630953782467 2.193520389142905 3.1668296717017053 1.3749490862511016 2.7729811794695207 2.137044252671996 2.4585823469393877 0.8918508499260809 1.6460736667415774 1.2770711701807325 1.2671274237312788 1.178989166250126 0.808517309869381 1.0147404534716964 0.8798993669063683 0.7399334292136049 0.9591711899265515 0.7436284035240884 0.749842614838347 1.8084190654987147 1.5443781677543227 1.9095101619936226 1.0863504604310548 1.489161034939102 0.9390711708893209 0.7795510991963959 1.1057817506782937 0.592461584646484 1.306795797648028 0
1.3295903184238265 1.0093844987665335 2.6414729977046156 0.7789921946547789 1.783441942981005 3.167949018611827 2.1184309866547637 3.143793923758273 0.986694571933654 2.731352009287042 0.4815592963600153 1.8945068270613177 0.5948911026835809 0.975711591954669 1.1871537784811776 1.6462003800190392 1.8870796785424757 1.4281664777016987 1.4335359850255736 0.6553312306484561 0.91304450021559 0.6355338960264446 1.5402832579898036 1.8083460930980013 1.7205783314191037 0.3868467527310604 1.9956997951824933 1.6945942083168366 0.7215052038429624 1.6600826870047893 1.1182625682532996 0.4098641963879429 1.2907922368211397 0
1.1482596760837758 1.740267564152866 2.3230855258667695 1.2870490752211348 2.4787315787875754 2.728774826483702 1.2118712480215315 2.4929893675725046 1.7077907211917376 2.4655572761334366 0.685039997248295 1.9587051379146927 1.3479674071769263 1.5626190081316895 0.4385592520207474 1.5365711460181417 1.494407904794295 0.5785976678192389 0.6062612230379942 1.1552191148300113 1.1765712996796014 0.8116053284641499 1.9640416253160509 1.3248357737385805 1.6446202741112046 1.0508181406683086 1.6879941869151485 1.62467599396361 0.3865787860778792 0.9280201492327028 1.2134090784690579 1.2471338849091549 0.8909751251752174 0.9621079595976657 0
2.25731498945133 1.7483687288963359 1.8357136038374784 2.0978427734980087 1.4979566018937902 2.4636823913414845 2.918599097270725 2.673595888069165 0.9862735091474376 1.7776829015628834 1.7028810368206038 1.1761721678289823 1.3624726411070955 1.3754004802406683 1.682923497041511 1.8078997662021408 1.8015936408005606 1.8743104612617016 1.9240952468696118 1.6179779532168532 1.7441441962980808 1.7606536717323371 0.7236266119393608 1.4597651164458847 0.8367208911382076 1.540327332370942 1.4814001338246894 1.7457648606938514 1.7990328770169657 1.7910273067702596 1.821793941574793 1.3435056288844864 1.9829906165092768 1.4002995491554782 1.8010576611908062 0
0.8337206512491554 1.5774690547184396 2.3722734248982693 1.316689053014184 2.373994591865815 2.9630741701650702 1.186089160269695 2.6713942425371497 1.829810906109664 2.554895003735808 0.5686295703008533 1.9117664862970565 1.2422674791083559 1.4162767850773847 0.720616135078296 1.3323611541145077 1.3935536138194113 0.6611783634749284 0.6075673043329946 0.9772848459610385 0.9416763658171047 0.6099632920773742 1.9371628354422068 1.464023828729218 1.7963552365943531 0.937188733742684 1.6927368581113043 1.4371297791916662 0.27357513217217055 1.0198269021540287 0.9543704324397592 1.176227569755357 0.6162846981829355 0.9698762179099154 0.3160301101814502 1.890545144610061 0
0.7258035488745149 1.5917552479235682 2.3151274362440057 1.4576655868423285 2.367621674088106 2.996409373589836 1.150064493811949 2.6611855147763106 1.9438671469886726 2.520446134645926 0.6630398160313378 1.8551463810015147 1.281239066119984 1.408481190122782 0.8133626843495065 1.208468654500082 1.2765865224266668 0.6419740243429775 0.5502961893711853 0.9916989868895516 0.9037319591883095 0.6452129105601334 1.9312794964648732 1.4575336698894021 1.826728272295615 0.9982394846687269 1.6260127513937797 1.320721391859255 0.41275140247109326 0.9856211259401415 0.8740060303366325 1.2399606860325814 0.4615015341114561 1.0810055201450877 0.45506608548645117 1.9384212742252862 0.169375772609522 0
1.5602471319876081 2.228718713329191 1.6968979445260293 2.0120345617887923 2.6919309128044495 2.123285424562432 1.26990100924851 1.7655285161335998 2.0368544924571688 1.8480661672041352 1.3444387398696516 1.701356874439154 1.8088716600839418 1.8978783124982193 0.508727870708371 1.5007340678010366 1.1156903835547907 0.2853422134236852 0.41932388556782646 1.6616591089615262 1.6074570715988032 1.4067482875361699 1.9518057513933622 0.6882064842977166 1.2869230869494666 1.6186138140427093 1.1719459347215868 1.5563102684058705 1.0882601267190712 0.21251699029713375 1.549406132467901 1.7492156314827425 1.1109528165553673 1.540374406256285 0.7643121035036132 1.7763618872715417 0.9062889208283813 0.9033800128898645 0
0.37992539867020597 1.3109678053731737 2.290957708866861 1.7011691844416403 2.0300543468994725 3.3011246246151362 1.556082652371525 2.941690839407125 2.072920828260929 2.5424637009400075 0.8293350867699729 1.62420194236294 1.1249569800913517 1.0956695826294944 1.3010474819127473 0.7559570712181464 1.1036930305371058 1.0562140798853765 0.9268069346263065 0.7937829681838783 0.5499126037441753 0.6452313991900104 1.7247055831877078 1.6689031714146905 1.9611734700243 0.9582170203161253 1.5679023005138903 0.8851738283695285 0.7969376080629059 1.2765357015430996 0.3869133481803695 1.1750987385320508 0.21243218834455008 1.2131312802424121 0.9876805700390355 1.9452517469191521 0.7019686587897481 0.5747928737930841 1.277368301854037 0
1.9914089452060197 1.4187130829841554 1.8367977255595582 2.284255644794583 0.9217118709623094 2.979405614107478 2.9827717583100495 3.0061645986132097 1.4681216143960383 1.905779114298037 1.7136336462164135 0.7574714269707256 1.1881711419536685 0.967731461300565 1.968427503139459 1.3460508766725414 1.5487012958929993 1.9905338600067388 1.9785914564122498 1.4097910803861133 1.4477433943803348 1.6652820552091854 0.06288803225780358 1.7116109722913386 1.307845478205564 1.466580215639086 1.3889908173982226 1.2512317600150147 1.857639408866273 1.921987554486006 1.4747281505995744 1.282972284680091 1.7818423521155888 1.5258900815743155 1.9591338759702754 0.7724204133022299 1.9226990229348762 1.9142579063715797 1.961754548750213 1.6924033390987583 0
1.4158967249851455 1.0711621073251838 2.0500882376222966 2.1736322396976027 0.9978239769098305 3.374401317587917 2.6531726153740416 3.2052917885050207 1.843136942280027 2.2461876380805235 1.4558823494185136 0.9250745374074303 0.9894293536181652 0.6086936737285447 1.941120173419191 0.7732914876184465 1.2771555293121823 1.8263482980765027 1.7553667686786298 1.0326050062473897 0.9364882807974625 1.310174813881824 0.810880543554688 1.8589418415787446 1.7495828939174727 1.2221906159824378 1.4427989086952244 0.7021101859655621 1.6069735652122354 1.840864911173302 0.8912363420851401 1.1547554283879442 1.306856775843725 1.4603365934206942 1.7923254673216955 1.3994089093492639 1.6374579814003012 1.5795655642577366 1.895060548643474 1.1702081369657558 0.7553690748927515 0
1.7072746261924312 0.8781030870695999 2.4812412682704457 1.3897271688734654 1.1470441934674074 3.2010378182042847 2.700773071137043 3.2735095557451004 0.7656424182082299 2.5352454513854394 1.0940003692652567 1.5507833976216758 0.5200469601542572 0.7025937699769432 1.6475730159036477 1.6261427352049518 1.9212530696429033 1.8378145340820398 1.8404283582373364 0.8769384766055761 1.1059885848743578 1.126982259726522 0.9744791002290042 1.9014240728743865 1.5681238352757485 0.7748374422299217 1.905319363629437 1.6142481519990453 1.334598962870076 1.9431023150721687 1.2850917157275095 0.4964552981744877 1.6313753746820436 0.7255433738713123 1.5313582789900109 0.9415287198717491 1.5224091748102122 1.5848815758791586 1.8817797055232355 1.516203997472928 0.9592415414503522 1.126253049333594 0
1.315779814213644 1.183725010529841 2.615408685779684 0.7435626060265319 1.9622811205332256 3.0668023884836724 1.958796425284089 3.025990450357698 1.065450084184602 2.7053538186126698 0.42545859314049217 1.9486861728778309 0.7699362013723224 1.1294837955838677 1.0216178863259575 1.6782934613980798 1.861549705833429 1.2916534313075145 1.3077302711450125 0.7625108515098397 0.9837844628306458 0.6321908800565916 1.6521133899595841 1.7227800508920594 1.6930989804945915 0.5079587272783598 1.972934743078675 1.7355077252160833 0.591664431077771 1.5434146239817972 1.166827926850374 0.5962377281052301 1.2450762876198922 0.198629840103728 0.7957007976719489 1.466936988149556 0.8424785368466566 0.9729175749820158 1.4070924862004761 1.1974160205446411 1.6416690004499803 1.5747351182313138 0.8936197043363372 0
1.13393694409843 2.0160034184501203 1.874625733076438 1.9512877359494627 2.582049420632036 2.5793643603462324 1.0673568529235558 2.1418215934977733 2.1773219044365737 2.0994910781534752 1.1687824961468651 1.6898645676969166 1.665397106696046 1.7139396351212137 0.7482091125682083 1.1877209699722653 0.9351158975859526 0.2700160976099802 0.12576697441342394 1.4331358700345551 1.3091656789591872 1.1600709757915526 1.9616674045193103 1.0450089942749228 1.6017857198324421 1.4547375021727569 1.2464601646985667 1.2776012038958204 0.9114669753744664 0.4824469265985412 1.2064972926869242 1.6387521090060224 0.6803418556354288 1.4890001163012976 0.7062419657488848 1.946401500932997 0.6623427184983751 0.5755470492012652 0.4859204550232146 0.8751216596404681 1.9563255808684772 1.7027649431923138 1.8659401828033744 1.3752029190165804 0
1.8220977150886755 2.366476224052158 1.3546341002608262 2.263513995698567 2.6660465038576064 1.8248891640907128 1.6091061763776429 1.4931274389132185 2.0561585361467736 1.4802522026720244 1.5946189823008647 1.5176421189926081 1.9335054177704116 1.978787261641371 0.7738703844352742 1.545343095438303 1.0510830663221884 0.6441216799124316 0.7462674796584641 1.8416330168504338 1.790323666718629 1.6498600592594106 1.834409960194804 0.32321713072484143 1.01615710092084 1.806208523158952 0.9172664347398596 1.5679790231595938 1.3815439304195714 0.30535347289932674 1.723518795656888 1.886846812783028 1.3471366662146094 1.7157033065431442 1.0857033575163455 1.6352642767174843 1.2265463493310729 1.2173283410269415 0.37762851247043017 1.4965178823402385 1.8538441528251808 1.8933801250096456 1.9265606253072514 1.6059435927388468 0.7714304106197775 0
0.5748588202599895 1.2347418927054525 2.204341766138047 1.899000339055375 1.8165869978233968 3.3754199918978287 1.8423264475898664 3.024446755831072 2.1175240420229735 2.469248921285047 1.0343416223027249 1.430732417689262 1.1057066291842836 0.9580516690170486 1.524717324647299 0.49294509895021577 1.0159616572860577 1.272129005364703 1.1463136764944082 0.8251115336612848 0.5400416117205019 0.8311883378227881 1.5539506576037179 1.73013518618458 1.9603080012449874 1.0456511559946673 1.4883542083131227 0.6171441493064757 1.063789649820546 1.4178112608578608 0.29558928272727214 1.2045223842088755 0.47480265843672836 1.3377011466444366 1.256038984641792 1.8877695427524375 0.9953901042287411 0.8758835806402914 1.454025238699554 0.32361768511497624 1.5152829934184098 0.9100762151712946 1.4838086851975625 1.3624614765796268 1.0769402452759613 1.608271295290954 0
1.746388089074385 2.114584893157707 1.9871717198757457 1.646414698993184 2.6026862292876634 2.0895615585090326 1.569534583859011 1.9863225309572794 1.5796021748017177 2.040353514656419 1.198486395843452 1.8625980945415217 1.6478439081136527 1.842917085728981 0.268796281811781 1.8069919361276083 1.5577979098670962 0.6985155329375018 0.8391513506306331 1.588792710913695 1.6457410249630875 1.3492870519219264 1.8932406954038155 0.8972717396385772 1.1644758382588793 1.4508967443906617 1.4949107688839947 1.8517078304421204 0.9948891317723549 0.7806772728759961 1.6781293876246877 1.533530052464401 1.3841728078976017 1.2379098037251197 0.6747889254964441 1.5329216757480317 0.956258323909153 1.0503896582608252 0.597799715935744 1.493296956990545 1.910087174340135 1.9863042206812629 1.6191373494872658 1.0846239743191661 0.9449102349451278 0.7339498470744454 1.6847243524121829 0
1.780791053955674 1.624989416532992 1.5153972298981069 2.547768795810025 1.2986412887158767 2.9817741196025023 2.74820903295135 2.8151177534985212 1.999631868241677 1.7093969444196437 1.7933692626102011 0.3597592031138679 1.435384945990647 1.125525432903294 1.9650528795013593 0.8683744490247757 1.0493495326002273 1.8191601112179854 1.7711416146802765 1.49346500198534 1.3939695532610143 1.686581947546702 0.6853371652027782 1.5751762926034538 1.4391562224910572 1.6343073211144237 1.015128730375426 0.7369864522682893 1.8672007626152705 1.705154230052099 1.305790042800394 1.5585814998568774 1.5206079437289375 1.782115578871157 1.9399863945939322 1.2706276951274211 1.8440390743479245 1.7792272587863753 1.8064777470689355 1.4573581718017965 0.6625221546901979 0.5928868272684398 1.4188058820108613 1.8608551477063575 1.7096485242272659 1.691242520784462 1.2192851521321935 1.9606240258416674 0
0.4588906755425598 0.9814616040864826 2.494501667122702 1.3890073642031138 1.83952422687762 3.4205487606366325 1.7535635241176475 3.1518592354094204 1.8184679721095829 2.708294912169043 0.5603014505854325 1.7154925044258542 0.8043202426876233 0.858993894764013 1.3374861481347826 0.9770940936644958 1.3912989917174312 1.2320042689178465 1.1343039254642016 0.43873263203446783 0.25398487730683633 0.33134232056682505 1.6461571841173026 1.8196580665424484 1.9908455320447451 0.6097093337074502 1.7694582591330914 1.0803548873878404 0.671226992253385 1.4838416881303216 0.3056270287879882 0.8466549646101548 0.5508400900159165 0.9158308782256414 0.9812846123235663 1.8362183767207914 0.7176489415674862 0.6699627322044771 1.4441610965109266 0.38025774637351234 1.6106353826808815 1.1267158020733286 1.2496977660392259 0.9351532480457138 1.1179824063562314 1.6668746959804461 0.5197551382971647 1.5103578345954944 1.5198583174890734 0
1.2078019709831775 1.9020274248356592 1.5323812484112438 2.4248439105265542 2.1697187968399754 2.85355772830013 1.8051977958188075 2.3971068333901133 2.3862094951041457 1.8491633332068638 1.5342270444307724 1.1175705820892021 1.660814996488908 1.4912519056436924 1.4815614313460825 0.49852965121648335 0.2646895183676123 1.0965998866654432 0.9900257763116127 1.4707835239971412 1.2492221856264072 1.4117793336529771 1.591934457956234 1.258947534644747 1.653533954287853 1.6204871912174963 0.8670870189971018 0.5430946169364151 1.4365692288860406 1.0210575651149603 1.044887005624042 1.7322887563828804 0.8033445474127566 1.7887675228339652 1.4154279798944345 1.8774214729190142 1.2639298470817262 1.1304608340681124 1.164221755494501 0.8797122065294999 1.5747649611282892 1.1839267083822973 1.8641508598945105 1.768895782819711 0.8789133444441452 1.1809235619210512 0.7813741373630237 1.5936375990257752 1.0808734513653622 1.1903626507591427 0
1.6667863268023833 0.8698801286143397 2.2613363767925265 1.8820646542891017 0.711094717511588 3.321467054899623 2.8380521428670535 3.309588504192641 1.3157486322386256 2.3661593549089512 1.3651785719847587 1.160180561026799 0.7039118090831639 0.46950906758492783 1.9045543676005952 1.2859261311933137 1.6758191766380108 1.9486209531088912 1.9171218872872149 0.9663090079553099 1.0537063230796395 1.295935301727452 0.6013310657844362 1.9300210969642146 1.6277369226989602 1.0389935349219728 1.6933010584400818 1.2354239175204234 1.581737315054736 1.9907757686784684 1.1465176649796804 0.8369789452331136 1.5798900007904333 1.1720665769110956 1.7817313363903917 1.03064942622555 1.6986003706612676 1.7011312329195332 1.992612755100467 1.4418197189076718 0.5530839528278101 0.6053892837087034 0.6058387967371165 1.327215939371861 1.902838017277987 1.9890912128417393 1.2826825964425104 1.8985979923384122 0.9386118699711518 1.258947727818115 1.6160779847049653 0
1.9461460263513641 2.172409526440156 1.880093609309307 1.7623715990559508 2.5455414900217965 1.9073727805471254 1.8437083719745597 1.9118697120713948 1.4587951811762931 1.8850608792090942 1.3562043265041244 1.7858937982637315 1.6904732617519025 1.873757042242155 0.5481389228347364 1.8932570794677837 1.6221376032883157 0.924756498555196 1.0623813086680358 1.692146319556286 1.769407323635444 1.5078571043469369 1.7858696375824497 0.825374315089304 0.940516006883708 1.5462977203645836 1.45005391793257 1.917394267426686 1.201614892549207 0.9091600232913316 1.8103937072720937 1.5769856070017372 1.5743541599467326 1.3045859910184447 0.9250622857927033 1.346437904439502 1.1909797212974975 1.2811885514743042 0.7678853508077866 1.6673928883394207 1.8110145510158124 1.9950611571060173 1.5738104746754176 1.176406041194099 1.1537398076364267 0.766963598380237 1.8208317359816784 0.28466342961060875 1.9182084565192463 1.6676033542402358 1.691090457937473 1.8590099187769134 0
1.7855993812766935 0.9341106079314875 2.3304211858513884 1.7155259362446482 0.8670411287139339 3.2127516170785064 2.8514459136827512 3.2733797735257437 1.000269750430378 2.3918309938887705 1.314324979491071 1.3144050146401312 0.6694420217063677 0.6334525964643036 1.8153228616323778 1.5107689829206843 1.8261372813145633 1.9416518409410732 1.9334828291196797 1.0043700818885 1.1659487800736337 1.3004005864856765 0.6767605349884411 1.9024015633564213 1.5294144700238101 0.9886942608539391 1.7828740379009476 1.4711961291343247 1.5379282457363297 1.9947919941034435 1.3004749249932475 0.7343595864306394 1.685281797462523 1.0195982847878908 1.7210607714981028 0.8507249009668331 1.6874179091423411 1.721042269113373 1.9688027871785363 1.5628523981247604 0.6535868543680805 0.903219403707281 0.3413614933601795 1.1790158621169962 1.939704259587526 1.9663437968502726 1.461800363992618 1.7804341697970647 1.1621251995979691 1.3436872272441183 1.7837985302690689 0.320789976382018 1.7167201360894473 0
2.0671926936728804 1.4029083354662029 1.9656657620411484 2.11560422368925 0.9905231943763549 2.905057292101589 2.9963913967344413 3.010218380934055 1.1694148150714974 1.9869837757532702 1.6463547699294423 0.9991578606249252 1.1191556169617334 1.0062504569787665 1.888516184893987 1.5531729421499645 1.724201941866988 1.9916096708113844 1.9997838973351971 1.3960374331153513 1.4965271676088827 1.6392338539631637 0.29653413714598714 1.7125666055023143 1.223284807191546 1.3926058496014668 1.5282947195737535 1.4771197693717488 1.802875786160517 1.9443941170901857 1.5684433713072778 1.1733663045842873 1.8633557461477646 1.3798663687390775 1.898099970629558 0.5259438218853285 1.901269606493753 1.921164419320812 1.952972558739858 1.778091931417394 0.3208693191381057 0.9786625561598127 0.7658128004859072 1.498417636597198 1.9976707414724568 1.8544234527331556 1.6493234057089734 1.804062707360446 0.954908904665605 1.6490458369725385 1.7521334782292723 0.5770442443935653 1.6813791242111193 0.5017021482400073 0
1.9935897605270532 2.0759056043524025 0.928247838116093 2.729105385474866 1.8266494678029528 2.450574342028861 2.6088717802744577 2.2527465099162094 2.1252820287622307 1.1373427354377883 1.9573498150447257 0.2842281242287239 1.7821941987062448 1.5659826233589351 1.797741565937623 1.0835489398879095 0.8357475879647183 1.6296678560035491 1.6131108476978788 1.8111213961207497 1.7131056599305055 1.8951086513291824 0.9855011033785686 1.138551394325091 1.0889449659956292 1.9019493509967045 0.49347818878477173 0.9755512792842961 1.9416701449917992 1.3985431004532225 1.6065911354098428 1.855519052138677 1.609961550469638 1.96631860906377 1.894370806586819 1.279491226986997 1.8653797771932372 1.8028473058010275 1.535518920172973 1.6249082700986428 0.9998770770758266 1.1276004212338642 1.708017529607106 1.9927618458091085 1.5542430590098342 1.3188422659004935 1.4643424149745965 1.7546912903488001 0.5944908419863215 1.7638766786833397 1.007519275519208 1.379885695242138 1.6823138304720409 1.5098689266706942 1.201260518890583 0
1.9316480489176955 2.365788158100935 0.8026155791754611 2.6277274354377314 2.422187484092645 1.9518073787301249 2.056525329909924 1.5988832050316373 2.22488067385085 1.0299321834091648 1.8605449211120146 1.0214799015142964 1.9855475815179717 1.8989204834900815 1.3251664445310263 1.2875354268801138 0.6928004151814372 1.1044485974079534 1.1270310284707319 1.9278749639315513 1.8280812789733094 1.849235064660395 1.5466191514478485 0.49808571073781027 0.9566084842656948 1.9640370298235645 0.2942075232277076 1.2576116102847714 1.7218352215269725 0.7616804499782027 1.7143616663129992 1.9978947733947425 1.452709761826835 1.955585109680812 1.5327951363146803 1.540707664331989 1.5751558977733926 1.519378415481911 0.9330372646648776 1.5628423662189965 1.5665386809934123 1.6221638937385114 1.9567631265438115 1.9044154492971048 1.0830636849235404 0.6459477360153898 1.543927543956593 1.2854113132767342 1.25731838649549 1.7712198892303421 0.9265240342395867 1.829473838780327 1.2519093361574583 1.8828951608433235 1.6603672580089832 0.7668955211555218 0
1.491540050686528 2.1666123149002554 1.822782892920328 1.8923464765200189 2.682604423674208 2.214043077002857 1.1999740722295706 1.8778394283858113 1.985988932363107 1.9701853502046711 1.242786896690249 1.7672587300060565 1.7476148919132162 1.8605892975636027 0.39817628468301436 1.5187294882736244 1.1898070811651615 0.21045836015184335 0.36690270555911014 1.5908599129585492 1.5474720490748322 1.3161221524751152 1.9750123921037008 0.8015349444173814 1.3510888762860083 1.5363531946915887 1.2778699053204117 1.5825382535449382 0.9750898463531783 0.3361650574550306 1.5029085336336954 1.679069389797715 1.0636769890896458 1.4514674224989592 0.6370761460219884 1.7915763148577446 0.7963392072148497 0.8084137709135085 0.13629947659143124 1.2274381885728638 1.9827656064416883 1.8990101253768032 1.8373306799200284 1.3092695620816934 0.4622150910948783 0.5018454123861332 1.4272703327537524 0.5369287889685154 1.8517032104233986 1.3740420958454573 1.212103863935064 1.9777408321111891 0.747873775099588 1.9451064806579987 1.9622825868469334 1.6176359270398009 1.0510053925474554 0
1.3892322397043642 0.7712405752388088 2.6324725410407495 0.9798374124982393 1.4829683553886874 3.2829924483427493 2.357402565973674 3.2788433018575027 0.9278288227985725 2.722256753827857 0.6760768349687263 1.7725462799296183 0.34321012287552305 0.7353223356721389 1.4213267518487944 1.5830975843547923 1.8968853060651318 1.6178032546123868 1.6103894466021957 0.5726011440828532 0.8556534074881056 0.7395546998054041 1.335953625282573 1.9056605151762673 1.7360336798306137 0.36536428868142484 1.9918362010245283 1.6129832523579148 0.9532373562543482 1.8105212264720991 1.0745849342101907 0.15476170234360787 1.3745620201448698 0.3094852485689865 1.211450685490867 1.2852105793398387 1.1795741478719137 1.2609533845110337 1.7184981546160816 1.260921853190978 1.3153299445126272 1.262583510775524 0.46451673118246795 0.5041341698846914 1.647715469566233 1.85239217470251 1.3119820321235736 1.4538834731678554 1.6260360971259908 0.9433947340121672 1.7972327239966612 0.9072729529436658 1.4854206241269972 0.7536743136159895 1.172264584398162 1.8861663494267629 1.9965221749221227 1.6456565962064824 0
1.5994643310732604 1.0792587494431505 2.581285679821732 0.9573153872362614 1.6535444453255923 3.0668967472922497 2.366771507705792 3.1271942791340894 0.6768315355074682 2.6320115651585057 0.7862632608977117 1.8202597950262702 0.6439706539801124 0.9977200575308276 1.2995607409455472 1.7562234203831963 1.9667484316033672 1.5818689230872778 1.6059916704611203 0.8519832390464174 1.1147543389966257 0.9206717781310295 1.3775027891657041 1.7951885181047487 1.5755663631043944 0.6167533515999418 1.9819548873044468 1.7798346940259815 0.9959209302518335 1.7549169925392223 1.312906598251211 0.46876377876460074 1.516518881880877 0.3203623529464377 1.1701353293445154 1.1536242359634319 1.2220074103710623 1.3296065460323616 1.6432529961621085 1.439881785932825 1.3711068052591349 1.4602022014202198 0.5171058303961662 0.44347974472864526 1.661640648834797 1.7566244488781713 1.5193327021038472 1.284664431080834 1.7327583730996194 1.160922335132139 1.90219648564093 1.0631398638401701 1.2805469613516085 0.8389641230920494 1.1726507351830437 1.9106195003261164 1.9570205192767636 1.5705992735882583 0.31715053318424036 0
0.8843567149401957 1.0434600237742713 2.194239729572989 1.9844743763716872 1.4570869016908092 3.4578043050993092 2.2112831691776473 3.174701093845401 2.017444407328344 2.4409088281968168 1.1746073748757095 1.2491546862718341 0.9740854332456093 0.7008634401448208 1.7362718697878423 0.48416122510242504 1.1249871095784285 1.5429691819760178 1.4370542389502556 0.8013005596499758 0.5641129038757573 0.9759454342428986 1.2863397669971963 1.8382294862799085 1.9316258247639355 1.0478629635287937 1.5035492868182374 0.5303013753870034 1.284058558157949 1.6399638496009783 0.40570869434002355 1.1203271262349408 0.8365474549044823 1.3572383884500117 1.500015142356781 1.7295897649990724 1.2734033852176243 1.1827667556260573 1.6839658940205027 0.6743679354294849 1.2390290594323163 0.5557362441972558 1.3137293570176523 1.4317336091347848 1.3735812697352479 1.7783559580282 0.38273855861038214 1.8535310251197028 0.971468583633349 0.6989694664826211 0.9326423326135101 0.988969915512674 1.941138486150906 1.2219350177556 1.4048871716081681 1.3527569850360806 1.618934944899297 1.6678459633848288 1.244776764228268 1.4772513241342398 0
1.294680640968952 1.7803707797039983 1.5309947002322475 2.4857934556785133 1.9185956474819181 2.977546956709854 2.1006578010684516 2.580509890175865 2.341627768088235 1.841364737874045 1.604387730757907 0.904484362695986 1.5793602831292994 1.341646650759812 1.6763804053324902 0.3227570162368435 0.4184127837699891 1.3487128885220634 1.2509403339323109 1.4344914049539865 1.2150778237412596 1.4637943341555104 1.384272296329862 1.4016247907696868 1.6610475999237702 1.609663937448542 0.8816534011052299 0.28501151700181154 1.5682903623494233 1.2675795682276434 1.0147525514801061 1.6798832379827557 0.9607673572939034 1.8049244976531287 1.5990280304769766 1.7760707936465079 1.4398452582603865 1.3171954543715818 1.4029826823904499 0.9698265268593362 1.361333344434703 0.9359528440157309 1.7631014510181857 1.8194648612633038 1.1503429220171721 1.3821667394538613 0.7700525884870093 1.7640687650661553 0.8094989764531174 1.2220426197178806 0.3187719273301752 1.4251227335609473 1.8280409475310837 1.6313681782162948 1.5786599567475044 0.8561004559561967 1.0298117929781883 1.4491016323904278 1.7584129837556135 1.8871368746899906 0.7838190379879125 0
1.6232613814990906 0.7651798810129183 2.3531059746347536 1.7401884756569757 0.7758075214561734 3.3458203314190555 2.79296102697033 3.343103909616525 1.214409309913851 2.4529467669508533 1.2639574007230305 1.2801552439510908 0.5741316498137075 0.41153163225610473 1.8526728069447251 1.3429092793899828 1.7372044002464633 1.9232737714249066 1.894643087382458 0.8708943875988938 0.9962128383443147 1.2063269440130246 0.7181780272844188 1.953361054173406 1.6576177749029113 0.9203791343818676 1.7692265860293235 1.3070303257503395 1.4976811284279576 1.9914969169174 1.1192909221096425 0.7004528020154762 1.5584105253240592 1.0457505958784448 1.7135147645421798 1.04805408505439 1.6345544094262061 1.6487134749167924 1.977573079998376 1.4164990906294426 0.6763311944940691 0.7043410239049636 0.477267435577005 1.20987463084888 1.8882933190735638 1.9961611210258088 1.284766979836367 1.851006544220434 1.0679933972478448 1.1998373535628102 1.6670349796889594 0.15198784063000903 1.8191376457837998 0.2491579622525268 0.6413401833439403 1.4855343751142724 1.8852737903117143 1.9528106009791595 0.7693847053794356 0.9362366336037201 1.0151719285184042 1.4975180739878364 0
2.079837327544293 2.3293896151305495 0.6610745042831456 2.6997059031834025 2.235310764420426 1.9653328592415673 2.3601530028390183 1.738805819563027 2.130761661341328 0.8441933709198937 1.9569847208505702 0.7832823359432822 1.9571768249151633 1.8394246068890234 1.5138785462063615 1.3348122899060901 0.8420387294335876 1.3628767841426954 1.3871131405700428 1.9584708424589203 1.880333490078306 1.943505488550323 1.3203763905896349 0.6633233344408158 0.8046021277365675 1.9957167077467555 0.23669719788605917 1.2718291783815165 1.8669468184860543 1.0493174747739402 1.7832875613434942 1.981681868864549 1.6264978909521082 1.9831564173557723 1.7164453809582387 1.3370744572985733 1.7589296669237025 1.7132755101335748 1.19402141672101 1.7010764423394922 1.34753937418929 1.5211490336418636 1.8626748082468598 1.9598114597362957 1.3478617468339953 0.8959969459636791 1.6352534376564336 1.4380801079015195 1.0786834285725417 1.8668841369672378 1.0735347142184577 1.6916135975272044 1.3504069421203162 1.745070273680395 1.450740432112505 0.5293883000260896 0.33416178683359266 1.3004204375366917 1.979788011777954 1.9365116349152758 1.6323691936634215 1.0795374255865562 1.7643003098444534 0
2.0045635734493525 1.7694304714210924 1.3715449279723184 2.5904198125818616 1.3446023525322957 2.7598649706644434 2.8611355120826403 2.6784612113969124 1.8747657155191806 1.500642290422197 1.8886800340587722 0.2326401323299886 1.5238485837674236 1.2672205589933625 1.9525474197346893 1.142586662883247 1.182902306485877 1.8656873225814963 1.8453136822788727 1.6371500519673385 1.5858826600985085 1.8196406277467767 0.5294696462961209 1.4710597835869401 1.2059315769629042 1.7309005141652567 0.9636101013405106 1.020509837917906 1.955957166159572 1.7131066041107386 1.5291824715868891 1.6204905525279705 1.7086430554455962 1.8119218917316522 1.9905513129686314 1.0370358443714431 1.945478653985577 1.9020780084754605 1.8074175524080311 1.662931881970191 0.5371022135819002 0.8319137821055648 1.3942209770385385 1.8859607748201073 1.798951875221411 1.6407737482220617 1.4638438694333817 1.9030918579314027 0.32954879454031927 1.7032638783327412 1.268908593942455 0.9813289950969066 1.8142280711531305 1.1322877418429695 0.7960000968338605 0.5030100026042759 1.2000159363734855 1.8609858572700617 1.6603414339779088 1.7115269450886226 1.2380987019682121 1.0422550609686243 1.1086074230806302 0.9547031692477784 0
2.1123681420230427 2.0310945304899355 1.0298813237158233 2.6890284093059513 1.6855012827940996 2.4288557750605193 2.767988918556234 2.3373468821770897 1.9560817420871546 1.1496280162422912 1.974964619555873 0.25318888685707164 1.7272951661768314 1.523679951866638 1.8435132778790468 1.2494317450941892 1.077961098611971 1.7476801672315312 1.746388874853341 1.814113263061035 1.7582454247112058 1.9304391262989926 0.7874446048521256 1.2052624432810788 0.9713077834673358 1.8817241013131407 0.6904982409540802 1.1385595435473348 1.9885871856925403 1.5303852400661369 1.6873946907729946 1.794786745019914 1.7487010878104168 1.9163522071838859 1.9531135598677059 1.057356804447419 1.9468295834056806 1.904811238623515 1.6419300998293673 1.7461088514239707 0.8142610319957084 1.124900487713606 1.578532309730853 1.9573655504927978 1.7029157993489177 1.4163491557687133 1.5885047045826397 1.7701235608512975 0.5968888247041769 1.8316260382232297 1.231385805980279 1.2643284386274707 1.6619223978397692 1.3630169912167902 0.9930655520336966 0.27537509748492095 0.9246860434932922 1.715919310037408 1.8140497449224504 1.8175810097671 1.436821145982729 1.0686808012373488 1.373038798089243 0.6363842676725783 0.35798026451956577 0
1.8633876180688702 1.6506078699425715 1.4907530715657482 2.553393282170883 1.2691279223276581 2.9269415224346607 2.807645023362455 2.7963402175196967 1.9384939077178909 1.6596855683462912 1.8228532599086804 0.31028970797846833 1.4454173022979504 1.1494847446431244 1.9727773678412015 0.9766397990344204 1.1202664489367626 1.8530045410868015 1.8146868839533155 1.5311502499924878 1.453430952065131 1.7290286295981676 0.5903009912967146 1.5605327581247834 1.3692927224828606 1.6555247590458222 1.0211773473904695 0.848918750075151 1.900860221524274 1.729622653249787 1.381438488916301 1.5617273238775458 1.5968715899020753 1.7814217023527767 1.9660297224950791 1.1760834753758522 1.8871393114756598 1.8314587115669565 1.826150854277939 1.5356516061813772 0.574238691017523 0.651083746107239 1.38456042263207 1.8625088318495642 1.7594283989115964 1.6952422019229192 1.3096535529735216 1.9521536762262166 0.12199049483480658 1.581905994878597 1.1682841972456515 0.9151275645292217 1.8925735409249071 1.1186148538764844 0.8670978561710463 0.5767839903258998 1.2622451198185194 1.8726925233640146 1.620518890245573 1.7106146322229476 1.0609423559777535 0.9104700458310165 1.0475066965469189 1.0581226379206632 0.21688267236811282 0.5253376535912183 0
1.479238053704045 2.074203544027164 1.237366150692796 2.5663733623395184 2.22581566853748 2.613027131496129 1.92790930520565 2.164403705535089 2.390460583898477 1.5591493134727308 1.6952521779636744 0.9759329111767292 1.7948688608990944 1.6265431997814115 1.4941047682324253 0.709309046630376 0.0355405362274455 1.1316462185392946 1.0590511870038286 1.6526803676570545 1.4632242011599599 1.6014198765402496 1.541136704323252 1.0688745959464958 1.4700860376743368 1.776158738536139 0.5914036745066577 0.7002309013018141 1.5871961256438343 0.9522827072667904 1.2814359783087776 1.856881603012567 1.0451336360512682 1.8984547317859373 1.5132095579781897 1.7861091146399637 1.4172579892088024 1.3026112084734887 1.1251198244596983 1.1320620613206995 1.5344170033977806 1.2771334421226146 1.9219728151335345 1.8740981469322446 0.9582908295603507 1.0486339598036198 1.040874249231333 1.5630267527266681 1.0331827051784113 1.4148341465789986 0.2961445560465223 1.673053999101193 1.6213081164650929 1.822762699176201 1.7112657731397303 0.8051292664955617 0.6698629325574561 1.201741967219836 1.9056412462881192 1.9725822131775779 1.140419374199711 0.426646097870842 1.7365488751443725 0.8120643535173042 1.1607268549744454 1.049483378727995 1.1021346859824799 0
2.301092509890444 2.2013683648281046 1.0254393803927104 2.583054218140759 1.9406391834471324 1.9821768345938602 2.7350629956003742 2.041658245984162 1.720848260954768 0.9866583235458326 1.9734661132284537 0.7814204203338905 1.812771860111165 1.7258100615460141 1.642227333611646 1.6117877054670566 1.3333325608025424 1.6670703365164705 1.7153636360576427 1.9338402671044645 1.9412767421743717 1.9941600291978354 0.9722338323343326 0.9511689984413566 0.4644643784172844 1.9238770293733798 0.8162328252724329 1.531567420806747 1.9580336015193587 1.4264231107532384 1.915219489401888 1.8234935237956749 1.9041959088096483 1.848211267164153 1.8525315554424873 0.811883890897573 1.9341972700015932 1.9320462717133728 1.4980364137842392 1.9301813402858266 1.021290963218549 1.4911963623750921 1.562508403338365 1.8595208993969392 1.70730203288132 1.2228570217581147 1.8535306797146112 1.497863452044781 1.07737528621834 1.980699714755448 1.508249610052237 1.4487789760651575 1.3204516672439326 1.4256040609018987 1.032513954112717 0.7137222434218286 0.8998514308598664 1.5728448836107185 1.7963881903610208 1.7050011771265308 1.7589334948784592 1.438476916855618 1.5187383968647457 0.6182252485414503 0.8072203643454633 0.5434295599236848 0.995315113532057 1.3068962038433254 0
1.8831583008858417 2.3956043783542844 1.0548495724800995 2.4714850158430313 2.5786213978005335 1.8340139446871275 1.8127708259095385 1.4655615045032908 2.16492633148117 1.2242892474735791 1.7449204769683464 1.2915326810826622 1.9850796628975247 1.9646133232547491 1.0579277769414908 1.4214340147116407 0.849810929717659 0.8585895139860596 0.9154080030163899 1.9059625776628588 1.8262463438730006 1.7655752525716397 1.7155130238308922 0.2735668419824649 0.9629936830621012 1.9075170269208035 0.6195180136074867 1.4212475788562469 1.5636958905202911 0.48420863300336475 1.7315379651542275 1.9675650555069182 1.3948148420711504 1.8584799678527275 1.3171998156246858 1.602515543202563 1.4054274640236846 1.3682451666848103 0.6421549943671789 1.5317458915358173 1.7358146702842114 1.7819408105048757 1.9681705131041363 1.7762728788600362 0.8984375902767595 0.32164756062489364 1.5819017350310853 1.0179848222735144 1.497918471006573 1.7316180204940048 1.035418432315104 1.9370938855115767 1.0109999932976277 1.9518774433347839 1.78157133615049 1.0621658085948433 0.33324428710706644 0.7695374218012961 1.9495378862863766 1.8806911846145498 1.7138755264782646 1.2063257992524599 1.9685152249652462 0.61565114523649 1.4437081105848173 1.1887298765956904 1.503002695744128 0.8387697961548961 1.0582543448263306 0
0.7348049119659474 0.6665611531448972 2.5304382014196474 1.4095245640510659 1.517046532820562 3.51655749613355 2.087137974143045 3.3109212560359906 1.6745755449157587 2.7261772538299143 0.6830015769980955 1.6198643629125307 0.5423506923569735 0.5405257429869272 1.5345125324070137 0.9994206374048957 1.50000364346185 1.4805522579851833 1.3972865190555113 0.22926789727151461 0.10233687698336916 0.48201315934714545 1.4373536792118242 1.932940866096548 1.9819904660786807 0.5000592903082449 1.8185099356629768 1.068673450659279 0.8973639679909075 1.6886199809357916 0.3360559245588174 0.6477003685868877 0.8371054881209579 0.8648057908260279 1.2171146680284999 1.6920408497381425 0.9994014464558201 0.97445290688373 1.6570821313137356 0.6475698890825504 1.3952619224996465 0.9074746614065687 1.0205100487724503 0.9540649438241785 1.3805015060286288 1.8300882102678349 0.6227473167634903 1.6652914070848588 1.3834661691191654 0.33932278633026236 1.3152375904220501 0.9774457165055653 1.7766503526806618 1.082970748230301 1.4334233945115349 1.721273032304438 1.8630031103642344 1.5970079189858648 0.7799489019172404 1.0515783103895326 0.5931492448074823 1.2653013566541076 0.9122958130117389 1.8996789105538032 1.566021650386543 1.7507813365942617 1.4369459779323042 1.518092975951411 1.9280864280336332 1.8655743752745992 0
2.0469878697162294 2.3514996258641103 0.6799462531628684 2.681329536633869 2.3033470344361975 1.933654003686832 2.272065179027314 1.6718011048622843 2.157176188708984 0.8758989671899471 1.9334446961523342 0.8644241668967063 1.9736931267311237 1.8678921309511445 1.452007041007709 1.3329397444927673 0.8035509520115192 1.285501154679454 1.3117408290497312 1.958403953309721 1.8753630221627566 1.9227472177788887 1.3960152488896653 0.587746523333912 0.8299954828842543 1.9931159342592788 0.223240563426078 1.2798071653434653 1.8274880873819854 0.9602292709147591 1.7742388086584762 1.9929702780409067 1.5840611246365266 1.9781178276764122 1.6620253767599467 1.3957359931983422 1.7082447620038124 1.660938820535651 1.111309146488799 1.6701607856341871 1.4215568496537647 1.5641420451448618 1.895714184751278 1.9452024001049262 1.272537344925479 0.8091353110481292 1.6199620930650382 1.3828096799699885 1.1438416773876379 1.848080090722694 1.0388532703594338 1.7423877893548334 1.3073177335777542 1.793065565091896 1.518860279555551 0.6076545974227926 0.23426116376029776 1.2219787617332356 1.9897914179459755 1.9443852198617535 1.6412676589445878 1.0749636621010727 1.809392427658511 0.10324430512361006 1.0381491014723148 0.7307155109429937 1.130503980642773 0.7751236509255776 0.6957093171564721 0.518933021898917 1.8992262359300582 0
1.7931207105532634 1.6268954369732873 2.3919612950520697 1.1243872841347535 2.1234654101865473 2.5827523426752665 2.1364977004172703 2.677170166055416 0.8100921594966682 2.403796195191659 0.9616684040145563 1.901251633624357 1.1584498868666782 1.4604281747727181 0.90623368528548 1.9238595896169957 1.9298751283550561 1.3165178344808237 1.3953120624379531 1.257236772206589 1.4531329746613573 1.157637522223553 1.6065572379335304 1.46086125584547 1.3019700307187367 1.0292521040292952 1.8579671120964787 1.952070895551201 0.9871034456765715 1.4591423080265196 1.595619506308638 0.9948911003935326 1.5862440223274024 0.6791916052282958 0.9551469760334748 1.1756554132783281 1.1517296328239355 1.286063118344411 1.3114577388825572 1.5881050990246812 1.618893251796003 1.794610280642094 1.0026418885251038 0.5925220551782131 1.4813565174504444 1.4107589505369664 1.729974001340602 0.8135123002794874 1.916367110616629 1.4118038712568224 1.9178529484421096 1.478810058222291 0.7748487939841346 1.25902819032817 1.4123222921911935 1.9124196910701916 1.7548174441246933 1.2389596762749444 0.861525779176005 0.5855560473347077 1.775087501017804 1.9762787954688459 1.3859983108282532 1.7773816591053648 1.841550624499643 1.8332755212962561 1.8864233689260388 1.933563329088693 1.5777295390424384 1.6002894647046424 1.4229892408624514 1.7658776607418962 0
1.6647441948742359 1.605389482305 2.433176602817006 1.0235595489418359 2.191599062260206 2.6431111939813468 1.9737841095886446 2.6825977618398658 0.9612262427763832 2.468790062371838 0.8297807237405589 1.9502715382399323 1.1445084435326327 1.4579823780112267 0.7930024493026708 1.8756603375182674 1.8894382703134827 1.2039722526220984 1.277744098550955 1.1892124199117473 1.3740269306307682 1.0389309844701164 1.6956905140369494 1.465699813085317 1.3989549239303896 0.9595648961031749 1.8705411754645878 1.9169971863704238 0.8275846904377677 1.3890448774977524 1.5135875965555237 0.9774629598856762 1.46930876197488 0.6193472469993024 0.7948476520521185 1.3189305678241456 0.9964587924980662 1.139733142281206 1.229455172462619 1.47878666376406 1.7032736588498587 1.8040591025028683 1.0729539772696284 0.486939626055583 1.3686987733479645 1.3755167912436885 1.6480211420862558 0.7477654890924015 1.9513849152302287 1.3063404023531777 1.8603897602859345 1.5316940288271108 0.7750592987972863 1.336566606029696 1.5200696603660295 1.9513697922048028 1.7554913120651308 1.1426657579435067 0.8541556153934395 0.6183895592948114 1.727525828472852 1.9398202767980346 1.4355057316176727 1.8095263359605862 1.9037564986008078 1.896430668765741 1.9325233835359303 1.8963074686704458 1.6692207797900758 1.5834490901846698 1.3529017640928342 1.7895961945247187 0.18395720897339313 0
1.4408957015550046 1.8530210778723242 1.3926282435430903 2.564697748421318 1.9053486794808872 2.8868006919661204 2.198992328184559 2.507288084835905 2.3355351754831233 1.7018329951964826 1.693694185131848 0.7743636114586061 1.636807694790616 1.392140851010115 1.712200633914914 0.45650803134689677 0.4010172963986764 1.4007237875400416 1.316899474797393 1.523760361014739 1.3232127808778928 1.565673042242472 1.3164480485185104 1.3450222541283452 1.5741731724407935 1.687249995167964 0.7638920031886759 0.37999482714984606 1.6588553970407227 1.278704150648091 1.1373124350130328 1.7357334666348425 1.0922494141836925 1.8619237632367995 1.670848017145315 1.7101360138189479 1.535362574964702 1.421373296261778 1.423871386072181 1.1053849975156713 1.2982300432626777 0.9499826675227303 1.7759498373330682 1.8787510224755377 1.2204130426643658 1.3605757877462403 0.9090371640869566 1.7774238839265453 0.7213074198386484 1.3405547337289176 0.4056325284141 1.4233541496887165 1.8184509086285934 1.6255664624644055 1.524414574774825 0.7104499826921987 0.9446685526998273 1.4811465151453522 1.8073827604117427 1.9196727560177214 0.8869386913627697 0.1585242953938467 1.5063723828477185 0.9612019771965743 0.9319598360092376 0.9349091532371926 0.8157068201768662 0.39570229025274906 1.32406456378938 1.1565581668149494 1.3656266718519274 0.9654149644322287 1.992946584543951 1.9694433928925066 0
0.7849921184720158 1.4605058731493505 1.9914105959635946 2.125997596485205 1.8971872625661155 3.252938035836709 1.8548396155995235 2.8615247702993183 2.244236700429367 2.2793279238053175 1.2413363228661294 1.2858310046359143 1.3068020570924666 1.1212396055524931 1.5564262896285666 0.2763442741721442 0.7747627025580766 1.2442915122326366 1.1159654491055355 1.0646577294553752 0.7963614029876371 1.0605589733698215 1.5399511664036813 1.6118844971328408 1.8872652013212003 1.2698782936500428 1.2907459396308665 0.41917949865205056 1.2268548820078897 1.3211676356033233 0.5610292510084639 1.4059570614394514 0.5506687356842382 1.5280306511203818 1.3492236093981451 1.8972062140543435 1.1144259909878598 0.979452916135146 1.3960765622298177 0.49811758847256565 1.5055584198868364 0.9241774197164522 1.6254272097499867 1.5420497606940473 1.0252997030750792 1.5068333698651584 0.27473694549882544 1.703653551030345 1.1042201095265491 0.7715361485974191 0.5306775479777316 1.3706776860110328 1.8271038439523746 1.5659538451653932 1.6730834517171107 1.2879077713420228 1.3634341029920416 1.3942237319657949 1.5035708112585304 1.6831816866200084 0.4799281299381996 0.5183952167884724 1.3987804797210113 1.461583393044928 1.3571806566281035 1.4482226840681005 1.2037524438302727 0.8002101739208345 1.7480954169359966 1.4353508402969561 0.8704465144316227 1.4442762794625317 1.839795758091691 1.7675022120160342 0.668300988527901 0
1.3013526359343854 1.0083983078717291 2.1098681118746105 2.112636974854883 1.0627459950916873 3.420117378123042 2.5744378903984733 3.2297188473618834 1.865851088247636 2.316713512880834 1.3816166979519537 1.0128141233247583 0.9431077484822168 0.5625793134104937 1.907466084473172 0.7136723107214558 1.2643441420825778 1.7816117225400676 1.7032053140910952 0.9485806664309933 0.8314551287630967 1.2230836293718512 0.9173804721142444 1.8766410999914585 1.805877953924611 1.1554395946259037 1.4793815405045125 0.6622343801404245 1.534133071483918 1.8183122018032194 0.7783827445053971 1.1122205596434318 1.2162837539692293 1.4169130025074332 1.734421232549022 1.4732575314861844 1.5630772853382644 1.5007397817999448 1.8679917196801965 1.0698748499247306 0.8625931660086681 0.12417921161778118 1.137444752269043 1.5285532207940353 1.6493670896995811 1.8898432543766572 0.8051517881371413 1.9685966924134541 0.6860754362073379 1.0238545389223088 1.1472381443936208 0.6547503583254735 1.9946800674624205 0.944585664070061 1.0666660336708818 1.1965232276351236 1.6456613840020995 1.8658457385900389 1.2284812417504805 1.442731080492925 0.44078773621370887 0.9135594468538463 0.7322520951089664 1.5687412335794144 0.9357405325313451 1.211934576873767 0.7534397111143775 1.267772950954231 1.567991066396792 1.7907297231679549 0.8071946171196497 1.6046637733183138 1.7850005381330276 1.7823647412083075 0.9482426097811713 0.8399087746513195 0
1.525652203850604 2.1287931339620654 1.9228672552868744 1.7646195663731734 2.6685822088140276 2.215436453495169 1.248329978726118 1.943749199513866 1.865628956741986 2.044251692584363 1.173998597296753 1.8295556826102337 1.696201815490677 1.844535481212542 0.22983514791363874 1.609645990798727 1.3247376522233667 0.3269524770391622 0.47955339472168856 1.5573823240546936 1.5463561025908987 1.2763354626790675 1.9741135978697217 0.8622761086439962 1.3349753303399403 1.4737958357672751 1.3828343692337957 1.6724927089760928 0.9093437325262481 0.49237911075925567 1.5297521978080688 1.610255064061476 1.127468485402907 1.351569724668458 0.5494900960140807 1.7414074717544075 0.7685748586210202 0.8167859769007199 0.28385151741788756 1.2752227520753145 1.9832014151011148 1.9318804711800812 1.7667076308964331 1.1986404454419926 0.5903379838252011 0.590836149233305 1.486769057532737 0.3836511275400689 1.9093354819843156 1.3755121491883453 1.3405114605195543 1.9587432889851066 0.6263269914211619 1.899758281741506 1.9353690919726847 1.6961800375871208 1.1608066404689683 0.17345089962326027 1.5633938042094622 1.4648198689653555 1.715028241091491 1.5596718906878417 1.922730521648058 1.3839195994399636 1.904847506457669 1.7702111167186825 1.923329988590885 1.3358256802463644 1.5921903990762987 0.8784925826478696 1.5883398106436644 1.311963475421993 1.0981311719036524 0.9976701668694175 1.5915708221019063 1.48065005301017 1.8995033968891155 0
1.2150047930337162 2.0806157592275554 1.7414433919425745 2.0834928293579353 2.5846298144910254 2.5126439101452167 1.155298341406735 2.0494346020959506 2.236617610498827 1.97897047418892 1.2854232061049258 1.607028040404504 1.731195861228071 1.7494707581501565 0.8367888946530805 1.142313700260086 0.8128475789735088 0.35411226306730986 0.25533489366908724 1.511358490504086 1.374516442628226 1.2660392300416352 1.9325257488968297 0.9658652607371433 1.5538285002303052 1.5464086401535744 1.1237469310372208 1.222899466820683 1.0440478981322658 0.41535876786601167 1.2542107092457462 1.7153803825973404 0.7409070517813047 1.5868307850112573 0.8424562259907219 1.936572285900925 0.8026937917172201 0.7093325187618068 0.48576830156934414 0.9334262644113451 1.9287902714319094 1.685276297145581 1.9141656939226417 1.4822305057192773 0.15326890771415064 0.7064176700841204 1.0965976912096955 1.003908734156361 1.6452650133197109 1.1996607892172306 0.7838631726292324 1.9138329483017893 1.1873495439536077 1.9636051012382008 1.9868892410017054 1.4541596415917368 0.9593459467713715 0.5047277629875577 1.7275700199211192 1.7415463628057521 1.3781168670889918 1.066971929263228 1.9112309665130391 1.2365367631504411 1.7317938104072177 1.6175656660434006 1.695981164960923 0.8348395777078889 1.6365791264156673 0.7903090895224287 1.445370375925053 1.1578636583214417 1.5603732084600057 1.4607150300909815 1.1264201024457472 1.0067958745252852 1.6385153506116148 0.6558138903873086 0
2.065958012995766 2.306966171072728 0.6629887384015316 2.7132596712420596 2.1969070457343878 2.0255162951510353 2.3839727927096153 1.7941518242909569 2.1445719557429728 0.8623984568297447 1.9615550851637904 0.7273431839600089 1.9442221150825385 1.8132645079350376 1.5512780032833564 1.2948013075761122 0.8144357571822676 1.390724378900205 1.4081752335882458 1.9455728247511865 1.8619194896467381 1.9406701609721535 1.2893193944136603 0.7226032361806523 0.8460178075283329 1.9910514990590142 0.2057877968869112 1.2269770120585368 1.8784808563125708 1.0847631978290604 1.7607866669045187 1.9752176417959577 1.6178325043844994 1.9898865219867645 1.7396985955046047 1.3408998685712252 1.7713154116403083 1.7215610465355795 1.23215766216923 1.6870928894594353 1.314957425216464 1.4776130029404093 1.8553547882686543 1.9719401626801965 1.3644857929128882 0.9449048930554721 1.6093925145754397 1.4819404119510189 1.0240189617428854 1.854633001711115 1.0456382289951762 1.663487526316649 1.398497626043837 1.7277582270401362 1.431365486104515 0.4675626463377479 0.36593567409970235 1.3366482855926594 1.9780009890582462 1.9441808867974697 1.5969304393617199 1.036351280115925 1.7404221187004836 0.06620300043129167 0.9061039732799415 0.589880085003706 1.0054110814259267 0.7833809298610168 0.6264750796295344 0.6622802299385233 1.8810362579052402 0.1510259483240203 1.8044005753717272 1.836248960124061 0.9131396487244758 1.4313932552577895 1.5268191330433822 1.4221647471675887 1.2521262908948698 0
2.2524493365345903 2.3042104454868335 1.4016655210939923 2.2310621939738855 2.3619142452865467 1.6127755821379113 2.3421283188801705 1.7392932340105394 1.5169543304403834 1.3281282456375976 1.748440934385777 1.4072872545153112 1.835356290997392 1.9092337723719603 1.1198539018034908 1.8767802147786605 1.536046622540143 1.3115176760410674 1.4204649005597845 1.9167348555220916 1.973775243664426 1.849221754417241 1.465436620536986 0.6487894165106289 0.3091860958860515 1.8190621427535276 1.1316479662819503 1.8513123377661678 1.6599855694648586 1.114472098111456 1.9873518094259215 1.768894782681173 1.8401137678919062 1.623923369412614 1.4495283188737211 0.9936189817552847 1.641697700746661 1.6894440131226232 1.0948968641025882 1.9110669721700928 1.5075057926249287 1.8776949940659 1.5989962877453439 1.5639419740927258 1.4652628453170025 0.8546850564987688 1.9612339600244015 0.8996304645310182 1.632144612996669 1.9377921878052218 1.6819134212419329 1.7456452149470119 0.6571735451491769 1.6236463302886417 1.3983579025681352 1.2949516541340833 0.9984328261473349 1.1476986248064507 1.6932065428076262 1.5046733574683997 1.9844166969269035 1.7407943432184383 1.7521088867528736 0.9477845949679078 1.4369516363750943 1.2167517525763156 1.576155571643325 1.5210415875719403 0.7544307004886753 0.8981540632533763 1.9688389085685585 0.9407155451040309 1.133295731916852 1.2150985956569869 1.6755453292876048 1.9069333243419282 1.9166823537770439 1.1088244613788658 1.4349833407179993 0.9989300856595559 0
1.6659644115322407 1.623785377038706 1.5258868640692986 2.545430616283401 1.394194678948234 3.0251989137220465 2.641181890843016 2.8051015317363333 2.0918799975238525 1.754050865805903 1.755879261868647 0.44944711492953937 1.4468866944180048 1.1305679876198271 1.9355442113440238 0.7105484764710719 0.926450563302132 1.7496926043806498 1.6889215398055537 1.4596325799210699 1.327168324971604 1.6337264545825048 0.8401111648668621 1.5686715838635592 1.5165450719095668 1.6195953730912662 0.9858713958489963 0.5737051459719518 1.8156921037258986 1.644532088494442 1.211787447169951 1.5742580408106386 1.4052603547321505 1.7917283567638866 1.890898674082323 1.4015457546818266 1.7741410471447812 1.6956797341925898 1.7541402225886307 1.345534721791465 0.8134555351801588 0.5755188495827418 1.4890744131435536 1.8621747752646138 1.6182908030289562 1.6585272080568225 1.0957524863267032 1.9529564601106586 0.17593169617408627 1.4406721166112646 0.9372052595249086 1.015866742755483 1.9343507989560818 1.2533415324750876 1.0959411463207538 0.619204177236138 1.224788232993904 1.7990492960656803 1.6505197293821317 1.7736078631358578 0.8662953260716578 0.6500631445358521 1.136029322517744 1.086195689626759 0.48670025318014415 0.6924603218913707 0.29541208691795473 0.9131292566011565 1.1747058923772808 1.4631615833623928 1.328132849131786 1.139546452931411 1.9535028055517747 1.972443010640276 0.5704699944881471 0.9593604770694518 0.6442872559048803 1.8680421581969748 1.5507721172609514 1.0300739614112333 1.6889571745410263 0
1.9065675125716142 1.1366453537735157 2.354759016857283 1.5618323198445923 1.1882670467136105 3.02085818211244 2.8046278710314345 3.1511603005585505 0.6492998786523012 2.3728795607039372 1.2778621662717755 1.4735400416712716 0.7767246250892057 0.9023170706052943 1.6650061061705794 1.7207315809190142 1.9385094640598315 1.8791971129998317 1.8991759947143902 1.1126251392968296 1.3195071744371445 1.3296547234850982 0.8617717177445346 1.8128144070439611 1.3876883700381264 1.0057104898181122 1.834437247319905 1.6925264936719722 1.48012391180073 1.9373728641119756 1.4743835804168641 0.7455804404041086 1.7730909887556636 0.8953438078093817 1.6197552112866447 0.6956196721588646 1.6501764761977318 1.7153355882718053 1.8820359184513258 1.6788315230088704 0.8630204547417587 1.2120055436657986 0.27129416757247304 1.0332621488303788 1.9276643867503265 1.8784766402679645 1.6402073640057686 1.5940555133220964 1.395182263820528 1.4498483099647208 1.9182009560714486 0.6735901821619109 1.5020187600752197 0.36293629920084247 0.6033443262723196 1.6270138340881986 1.8872218297822643 1.8509314689711494 0.688826711584062 0.6302355019779324 1.4655542603621048 1.813273634881141 0.5906941569265595 1.7610521463100974 1.3080674555824163 1.4642470164228072 1.3397099659001386 1.9346026523419888 1.3883436672115597 1.9077584503008838 1.2414760555940028 1.8017760792615882 0.983660016386852 1.0931945807616752 1.8032528046083396 1.747461204353403 1.2469975464196128 1.778251762959625 1.9626956108623665 1.757030636355364 1.4414737802172457 1.4900797545676092 0
1.516055925180632 0.7729910633571273 2.5893154528138402 1.1269187618387515 1.3400452549343957 3.2651844170300897 2.5039312697377514 3.293632207745733 0.8353630620506112 2.665105428217902 0.8442586166794138 1.6954204415185605 0.3569072372557282 0.69285182200399 1.5173371260499668 1.6034946877492597 1.9172964855906043 1.7147217574456985 1.7112886262908789 0.6770437607488434 0.9448084175458438 0.8929562383768267 1.2009625924715757 1.9159896905266596 1.6796058797399922 0.5198610014377768 1.9708057799452525 1.6172160249845093 1.1091596490239526 1.874397469834184 1.1525219754263685 0.24465969623500047 1.4812992594249497 0.46755968282033056 1.34432528662627 1.1562328031192886 1.3218435745999308 1.3959961275800714 1.793512785565544 1.3641762003857207 1.1815560790762785 1.2036057337699295 0.28533723599049315 0.6537467438939579 1.7441443236560197 1.8932379064658555 1.3795509975243356 1.5245563541057745 1.5507149274555443 1.0619519871803695 1.8326177057136983 0.7787243220085461 1.5246679405799028 0.5895531715694172 1.0201624468295225 1.8277278203253713 1.9941097247730692 1.7312297759593214 0.18225043405199076 0.3437198909947144 1.2665630442986 1.7675754115456637 0.6373741669151605 1.9469100221613493 1.5647797415703768 1.7330265784461836 1.5347035205216022 1.923015878421607 1.7162801789482318 1.9696463458006594 0.8615926173453945 1.9660270694041695 0.9041742855308723 0.9316617806021779 1.80331639269252 1.5546989478804574 1.1855811608846882 1.6523876590648183 1.8120676414847612 1.9428953056690268 1.6641030470808382 1.592657867958446 0.5228593759673429 0
1.7400816836092912 2.3087445900551984 0.9967401562156238 2.572648413008472 2.459576863359115 2.14283575604333 1.8532176540056384 1.703727371236922 2.3118433934663183 1.267626519877927 1.7659360547225758 1.1120781642048962 1.9493339387372717 1.8592579204993234 1.2715536819096844 1.1379495353471785 0.4977735589737773 0.9610128426398387 0.9543105632737726 1.841616175987008 1.71020359177151 1.7354714242042604 1.645298139141709 0.6289928093939393 1.1745218636293473 1.8980476964498219 0.423493375217425 1.131069832717755 1.6079817699953818 0.6436846017691259 1.5732522237338327 1.967724872709241 1.25608842866025 1.9247230598897067 1.4271509364893755 1.6960221520401595 1.4323324747965709 1.3550803500202426 0.8393419462717834 1.3829164195111114 1.6558585517547004 1.58849409221216 1.9907863236093517 1.8663938061926622 0.8894802735480427 0.6422673247750915 1.3773266268045075 1.2866454629218094 1.2863330105198894 1.6315111748706388 0.7181567463666239 1.8540546463647183 1.311792545214973 1.930664693732455 1.7667415870004692 0.8733269814184781 0.26729416188171295 0.9525433908889578 1.9791565810996548 1.9690817946390318 1.5000210781803511 0.8844720160521038 1.9038224162946977 0.5649661205936964 1.2961298469673284 1.071304768369498 1.3154040117564185 0.48332881352839224 1.123601080475975 0.3772572863533561 1.7577921388796542 0.4783049675746599 1.7911048795858782 1.7653413129086994 0.8298811136881347 1.1842854284345277 1.5932860036990606 1.088085133195588 0.7517916778692453 0.5764816855519478 1.1813916575760968 1.2190625533269874 1.9570438079949433 1.9966515390140738 0
1.3119384928704754 1.3444216635585797 1.8577132230705267 2.3314215086029306 1.3632197223485398 3.2829699084544344 2.4623143731148014 3.01669727085467 2.0974828094020768 2.1072531672412906 1.5215298407526618 0.8457932510125565 1.233952563791363 0.8965278639064259 1.88237807656723 0.43760186607042056 0.9629538085960989 1.6740400907079716 1.5856856215500865 1.1733614280280962 0.9927764696582625 1.3594001982222979 1.037540684987367 1.7246544944268107 1.7549924172647593 1.3805453483475003 1.2319733781671447 0.33780761871943144 1.604385995956159 1.6588641763668244 0.8536633544128535 1.3814650562536657 1.1371961756606521 1.6250069569883203 1.7452827349802182 1.585680752453765 1.5704113583804091 1.4791754526959153 1.746097517458912 1.0358242937330469 0.9941305160052241 0.3823436162684879 1.4166666364475238 1.701974958141422 1.51102137639643 1.740239784907525 0.7459001466595653 1.9507446772887542 0.5440728359387934 1.119941813389579 0.8563880615037227 0.9580534382973505 1.9849145160876445 1.227236204605603 1.2399890704370977 0.9781119745689181 1.4187482893965415 1.7650770263708717 1.4856189778581208 1.6688600938820832 0.4717986462059505 0.581142926602028 1.0478405057930618 1.361415270271079 0.8525630659191344 1.0683130266698488 0.6524494567647835 0.9650640049664434 1.4860983623911126 1.597615683572377 1.0034913184678234 1.3915822965433178 1.9174562412226133 1.905407402411954 0.6092300654703557 0.6570034890484636 0.3667830727263651 1.8303275122358347 1.470631885186985 1.3131352530777414 1.8734523975163697 0.41688330321856815 1.493243336832972 1.4587882556234102 1.3445947054960732 0
2.07162005193356 2.0080166461806113 1.0461735301054236 2.6942138217860987 1.669171624260496 2.485317366884683 2.7510176229348615 2.369486337763596 1.9928404729488678 1.1892259168617287 1.9650442266093802 0.18315727761762843 1.7158751047522816 1.498654157704224 1.8562757600839308 1.1879928875796193 1.0318854268080175 1.7427435400639741 1.7344378802516018 1.7922077265451022 1.7252391324191338 1.9115662924735135 0.7957882359885012 1.2316672607609 1.034803577684211 1.8707238096724066 0.6800377070818846 1.073865849886653 1.9797048100782106 1.5305598603772024 1.6463346283950038 1.790045409452114 1.7123653982774378 1.9207059845812327 1.9520882459899016 1.1097269389689373 1.9336578919743477 1.8857217092852923 1.6466881557084034 1.7072206542604142 0.8170682344862624 1.0779620975282493 1.5884171938808904 1.9634365471282995 1.6861649776229715 1.4307464619948391 1.5401629113741564 1.7936854208318411 0.5360573950991403 1.8004110750009508 1.1799362109308897 1.2526068484846153 1.6965195306911227 1.3684930267720328 1.015488446934865 0.226874105890242 0.9273036580574354 1.720079088733509 1.8156614556843294 1.8320198193082093 1.3851783885621662 1.005739438395481 1.3643725330665375 0.6531168516794058 0.3284880304797263 0.07766284254165717 0.4735455157361677 1.0036176637392569 0.6158483008280498 1.1986343632826475 1.719913966311511 0.7438547207410147 1.8618818773804844 1.9192674048145613 0.8702761398251389 1.394047002311865 1.1637910059106047 1.7792849502415067 1.599284516345247 0.60163881776177 1.271593296303937 0.6238399200294698 1.4859718941589155 1.7376147704822373 1.0574759256123392 1.0057703848179433 0
0.7966027924631922 1.778050164390617 1.9688929335196996 1.9847193825873952 2.3584147745617496 2.937210897666589 1.267212269650547 2.487748686737768 2.254365496925049 2.2386945845551263 1.1178588066929698 1.5763118836698549 1.509791218426607 1.4819027087488865 1.1035807963112838 0.8255737247373612 0.7955615910706457 0.6995556607077543 0.5480150721828931 1.231028948005606 1.0297909007108665 1.0183167231642352 1.8548105616771786 1.3279519915282612 1.792508983916129 1.3348423229490987 1.282033386424403 0.9424209026769567 0.9435218071115268 0.8568942418769502 0.8665282691469558 1.5314337203750006 0.3243749297284747 1.4842130285228023 0.9213294066306682 1.9983172104577256 0.7208808199846244 0.5646523478098083 0.9041424132948808 0.5188077095352628 1.8361464989134366 1.4259744272418515 1.7971946919278832 1.417409152576032 0.44874604714512295 1.1178566901883191 0.6805026236249528 1.2990417854840224 1.5130839358668136 0.8552684525699723 0.6207415303537118 1.728229382461288 1.4858730143805645 1.83040215617265 1.9297974104990632 1.4862608948699418 1.2155240717832316 0.8861523339549958 1.582188216784397 1.6796747020701501 1.014313471975215 0.8658714460541026 1.7244078157749994 1.4325221749220534 1.6782448701523345 1.6557167031319295 1.5873528085710982 0.8274424746030621 1.7937785696026043 1.14621707093403 1.1161199848503505 1.3762486058356318 1.6550748819596535 1.5459547887916745 0.9804379117840633 0.6186698519619294 1.3537176927359171 0.9921813086214685 0.46340198895809803 1.4282568700260503 1.7184918380563938 1.3923168970615105 1.8993728019638032 1.675340023160775 0.9936202787207006 1.1992700095203426 1.6208795902636508 0
2.1173072279924203 1.6959723496689474 2.1676581015144003 1.5981741633201154 1.8315459821750184 2.4492320890091075 2.61141960956562 2.6688982867459 0.5734634299408704 2.1188438822869493 1.3763878900436863 1.625034589311306 1.2432399160881062 1.4380206789501073 1.317538192132478 1.9640820121114353 1.9554504704012878 1.6497596619660486 1.725065868060572 1.4678926465040036 1.6563968083839475 1.510876847730231 1.221457442973858 1.453930483391064 0.9913803044266926 1.2936493244760645 1.7317419188363612 1.9473382847699143 1.454581447203735 1.6653348802976637 1.7832868673875801 1.1351260808250314 1.872968024736558 1.0181573194830662 1.435914298701765 0.632176539486669 1.591709072897332 1.6885053944035913 1.5766966876984554 1.852519414861801 1.2505009580920985 1.6679069981652863 0.8584057128571576 1.0370188372034848 1.7847056995275505 1.5346947041087944 1.8975143421846592 1.1564634055157024 1.6834739597838613 1.6914283944487396 1.9935574666894798 1.2618503585853846 0.9847398348869756 1.0021500532185375 0.9870775495928515 1.6758634610365652 1.6924276394159996 1.5512607631045392 1.0176153629149325 0.7605386623591154 1.8338155916873038 1.9755412088341782 1.2035876696151369 1.6012079375256596 1.5236562520984658 1.5199669108006815 1.618850573210593 1.9489443473928454 1.2115239592001439 1.6280395550883744 1.6071564140793995 1.622662056270282 0.6047785034142561 0.7773988280497152 1.9496549526232245 1.9646454069459043 1.7001703245438669 1.4469272249161342 1.8192764509276618 1.6227277497020889 0.9455369222940827 1.7710386903047377 0.6786098742465356 0.9449895984781892 1.8039647400308354 1.8425896934127277 1.5644539580184291 1.9158001893446122 0
1.3631361065484346 0.5423218355967439 2.439363912019647 1.6333023102245006 0.912432026626063 3.469119511981862 2.6253332762809873 3.3980266993294617 1.372544288501285 2.577388383305085 1.0950001235331528 1.3722859254780115 0.41005980654713003 0.12076319078073962 1.8028350287118442 1.195072627434654 1.6681142775683506 1.8318166964276514 1.7832133763595572 0.6285700384019861 0.7309223919443911 0.99606778890663 0.9403436333024269 1.9932985459244534 1.8046441306743664 0.7436255546918762 1.8033854414902863 1.1844642001994308 1.3423459128529975 1.9425136718600764 0.8650660867562109 0.5898696548071108 1.3568817535889937 0.9689726495775971 1.6014066898343011 1.2857993083898016 1.475836001190825 1.4772153733126918 1.9264665858169938 1.1933445974325243 0.8925078206323936 0.6352346353774605 0.6081883764401748 1.1309557122596152 1.7706348984451512 1.9922830090904537 1.0612336370162556 1.8439653360309243 1.1203561081022577 0.9550692869625924 1.5559332286437695 0.37037477116575496 1.8575470169522557 0.5177759645223274 0.908739778453636 1.5582507218523909 1.908959192406463 1.891175169794162 0.7078487113476429 0.9525399236318628 0.8006716535481964 1.401034302696877 0.29522050467267985 1.8324680294816535 1.2343847251277493 1.494965596081925 1.1316717190803942 1.6732096305609157 1.6787216868509913 1.9773301921259194 0.6432358038882583 1.8655000410658027 1.4252973587096753 1.4374268907756929 1.439992436700742 1.2128204324700647 0.6117296949583614 1.868869554225082 1.8043419843492006 1.8072473517559182 1.8701068548540123 1.1440642163240147 0.7995906123691925 0.6370603284701851 1.8859602537405318 0.9497439054804084 1.4747365596494275 1.5602302606435692 1.363456285969967 0
0.8624566672588765 1.6608481548666423 1.8652722926770773 2.1943894644947344 2.0891652384163018 3.096376187088064 1.6946506651037438 2.66160816520278 2.3152306472629607 2.164221005099639 1.2990426848682308 1.306258515161067 1.460664177020771 1.3104770458232362 1.449462872640445 0.39667687853001765 0.609362507655293 1.0842476535944987 0.9515870990119982 1.2151130580901572 0.963549466042881 1.1450058914520618 1.6394549214565732 1.462895487633398 1.8236851859795673 1.3888626685448227 1.1712169813747744 0.5210781795507728 1.2246550592188252 1.1355957020961058 0.7408960082213059 1.5372351575669223 0.5115680913530782 1.6059044569153407 1.280484202523461 1.9389801907814201 1.0661903128281895 0.9197850566029859 1.228498572566806 0.5552701331579493 1.6125320788513366 1.10592331356315 1.7494608581835565 1.5925050863746957 0.8475319355538817 1.3383718656263464 0.46185640354397883 1.6018550573715495 1.186191525582954 0.8884343620381471 0.35263266853857683 1.5311655434002855 1.7355133042308595 1.703285517609627 1.7716069026466277 1.2555139783293203 1.2112776784438926 1.2379947511385405 1.6180244634345178 1.7634807971143296 0.7091018245991864 0.4814210939942463 1.5595272760617105 1.3542423146697096 1.41057576230348 1.4422723850590917 1.2807109950186568 0.6401226488374463 1.7096155603478744 1.2646133812536942 1.0424820849179615 1.3225409985736138 1.8442563511291663 1.7658020619732437 0.6273942384235202 0.2398710027606858 1.0356202157084815 1.3443597594767678 0.8091769501917291 1.329418647644386 1.8257345487648018 1.0400541621498247 1.851128377933535 1.6760191890376135 1.0052405540338925 0.814845662917259 1.391196371625086 0.4502799551895706 1.9889563062016766 1.3942924176140172 0
1.6880383893036106 1.7472090203033024 1.389844937895121 2.605371899254301 1.5488881174031965 2.9230759129455466 2.578180770804445 2.6736511141847896 2.161664968266447 1.6366748979552985 1.7962733833048303 0.4051778533652878 1.547003200160169 1.2514774132860387 1.8959790508794827 0.6994056212975862 0.8021254248398243 1.6855163548023164 1.6262280653387737 1.5395829085350683 1.3960836290683336 1.6795728639612817 0.9364620728472146 1.470615237539918 1.468566390275067 1.6932562914139988 0.8500108341162136 0.5632924992392762 1.828212297129594 1.5532548480475294 1.265022350339968 1.663633443873097 1.3907622285331294 1.8525575573784379 1.8739545960330877 1.4438909057502631 1.765151381419441 1.6807930030998197 1.6771088481887981 1.3542840035092347 0.9178651109506283 0.7174010491348074 1.5883373022600462 1.9078743245679899 1.5508798249175884 1.5644722600263061 1.1193075956686778 1.912504283718278 0.2788968449237113 1.4851316196066329 0.8440420685116621 1.1479323506457542 1.8953205175063352 1.3675732754248744 1.1878685456005897 0.5082408301532843 1.0977552408558509 1.7316698979015828 1.733480464438441 1.8413856254991814 0.9378476953763928 0.5676678240619433 1.2625914761366723 0.9675370889654645 0.5176236523696576 0.6376341144163156 0.3744456183175987 0.7854970800480086 1.1262015935691951 1.350759324586057 1.4060050873503112 1.0174449895431503 1.977288015514127 1.992418638488173 0.4594085185942415 0.9511036858941192 0.7743997912436933 1.8115674201546321 1.4711323977844293 0.9091240199569643 1.6386623431627503 0.1589588589606969 1.5800707887075716 1.6837220655074852 1.0897275249180385 0.5027001667866643 0.5640245653633047 1.3417184190290536 1.805889859307638 1.2682699054410074 0.9961666985690618 0
0.49039147935558863 1.4840324163924898 2.1843209272912687 1.8101226533364447 2.151987616824307 3.192874888899866 1.4378758208813178 2.7966458362519404 2.155734018583367 2.4463655229234793 0.9318185105348377 1.605176123977242 1.2713390114389451 1.2373841325059292 1.2381772289504065 0.7392598402837848 0.9812769820507481 0.9342383336771166 0.7937748282514621 0.9562045590733022 0.724243205256496 0.7772907711222558 1.777082207022136 1.5623349646163627 1.9171484282768816 1.1001325205488626 1.469379348325914 0.8721940254735335 0.8392232745766143 1.1397361046011638 0.5525915108101401 1.3124058341791658 0.07652800525460834 1.3193239897652975 0.9586373076508966 1.9788941508850737 0.6867393861805713 0.5350251065379441 1.1559238447609195 0.18389132163352084 1.7489487150922782 1.2531277209209737 1.628853879214184 1.2836902588328942 0.7270826612665806 1.3761981896116813 0.4075196241562606 1.436375074709867 1.4700724211291856 0.5507333215153186 0.7598032620659102 1.5496023682934492 1.6182073009076827 1.6684606555250796 1.8420934186035673 1.5745966340811546 1.4473808017468517 1.1151322594813762 1.3866079082203002 1.538259679520301 0.7745863207056469 0.9030193766439356 1.5336144199697823 1.6127749221000074 1.668364836078262 1.7168278838032982 1.5498541254905551 1.0117692957186495 1.8932087206814976 1.4070654298388667 0.8186841704236658 1.5733563066333132 1.625866729101747 1.5144632319513303 1.0385319953887975 0.4773533989856217 1.1612536595929084 1.1830419162428307 0.7749752879266165 1.601077848497943 1.8598111406938804 1.3504520675733744 1.7711312218274669 1.487101913953152 1.2501118347196827 1.0736522215858153 1.6778423536054963 0.3397821689900564 1.8920666457669546 1.3294743776506714 0.45163896331554804 1.3375160120341687 0
1.121577736577467 0.6512952632180627 2.6509874628852397 0.9936632776551628 1.5315784832660453 3.392914436451268 2.2019248654732086 3.3117992792595166 1.209599344218746 2.779620455580281 0.5085759343213995 1.7782584583039258 0.27648370944682604 0.6462622696638292 1.4111480083111536 1.4190200464394598 1.790226227623756 1.5340182351615193 1.500867857931001 0.3038329319659893 0.5984241407620671 0.5010725401699407 1.4254441183097084 1.9305734026491053 1.858254320920065 0.107591864124077 1.973045309900257 1.467757520929827 0.8149500318098516 1.757578264185623 0.8319323592612206 0.18913888223485373 1.162708356551806 0.38918450732045573 1.1313031605637807 1.4760365179664976 1.0299904998988039 1.0899611273126129 1.6748666045293255 1.0294807401134443 1.3962668720552216 1.1817248952896775 0.6774263780099361 0.5425754384849851 1.526420552343777 1.8442696189086518 1.0902919734267364 1.4930871656694524 1.599187689550144 0.6848108819084645 1.6567371730163274 0.9555557794684365 1.5701541563168182 0.8941288332402846 1.3134970122009981 1.8839210408416085 1.9807421042763302 1.5973342389072906 0.28380273519864846 0.5672237486292837 1.0555694598458247 1.6278101849719784 0.8307290926657358 1.99443047919376 1.6871989483162217 1.849990409082401 1.6150470195728934 1.8034015048535648 1.893006294795777 1.9360864728457838 0.5268927750483292 1.9972354105392198 1.0278809321333113 0.9766334313663052 1.6984687233793703 1.3087182813044065 1.1219661594348511 1.5336057117176825 1.6120615296295386 1.9884802636002152 1.8119511102083345 1.5944191718890603 0.9169431801891957 0.42465834077140424 1.9265655032900946 1.3671053511900473 1.8404511448810865 1.4052572303900488 1.247440491963296 0.6669957888320456 1.4358845024667382 1.6752291362796248 1.1722082636884956 0
2.207201723170918 1.8234496921182661 2.011665170345978 1.789470768647737 1.863730328094655 2.2962526464549815 2.6641529359022242 2.5377389568298905 0.7390921664595791 1.9423842486820861 1.5126246417927145 1.5289758367292157 1.3722466091608512 1.5220485191541155 1.357631452789818 1.9656289640860796 1.9053656857511987 1.6654296562659403 1.7456868096148632 1.590197654511559 1.75447214373142 1.6347716175081486 1.1683287120348247 1.3531642969954263 0.819242345535838 1.4379495054817306 1.6233221673551468 1.9379791206398482 1.5691243117540423 1.6329151254916006 1.859698096477971 1.282460580179456 1.9283673410816364 1.1861649179045186 1.519734546302377 0.5164209473067003 1.6795575225532469 1.7649481613352762 1.5621977711868031 1.9185352190421243 1.2055779068691803 1.680950422236844 0.9810805385927271 1.1997512824998988 1.7996560864985314 1.4724142417399748 1.9476250486347764 1.1750894702120047 1.625930970135097 1.7899169864721984 1.9690583409789462 1.3048478815537505 0.9704526263763974 1.0666249034903619 0.95266989928114 1.5672457587559865 1.5885563167962173 1.5538560303910174 1.1769309666892624 0.9405867962986384 1.8771383637547423 1.9460964733658794 1.268792905151074 1.4738952379033716 1.4354152830949423 1.3993198831533609 1.5529681621097697 1.8955057661951487 1.0474555885530443 1.5407700734333885 1.709648141474032 1.5006395563697135 0.7542568908324766 0.9199500423821019 1.9049783604869954 1.9877294312678893 1.7240530246905097 1.462011615727753 1.818218438605864 1.4973642294187381 0.8044570625874349 1.7219736805261934 0.7735822070053268 1.0964959628236253 1.7250053931785778 1.8376676703627572 1.4504867743715009 1.9421975997304273 0.20120468044230513 1.4464170585106952 1.9998037624690992 1.7464080296574005 1.944277792866533 1.3927195961247292 0
2.2637349970869844 1.8649764660812114 1.498932732538377 2.411779204600763 1.4612229282266531 2.438236619585173 2.9598239044196255 2.5632999542248864 1.4195187635841826 1.4721606025583014 1.8753063849991811 0.7850102532155475 1.5217594381112847 1.4152278483631022 1.8190303391124556 1.6147364734608725 1.5655746697706137 1.8969267172834028 1.9275331685203037 1.728998899389239 1.7833496377765807 1.8855806252823273 0.5236364169663534 1.3781275995034583 0.8094387233180567 1.7193938540956646 1.1935271015718116 1.52519095354356 1.9481457056857798 1.7482329987696075 1.8037328092863283 1.55162629664492 1.9535859429431364 1.6620031460788869 1.9398561676661366 0.4518747080552042 1.9889295417100041 1.999563307447533 1.7874606786911624 1.9221697117762033 0.5837946984448028 1.2399762320506824 1.1953138654755888 1.7274667972216626 1.9226553526741312 1.5935005843983632 1.8089236239321906 1.691023591636379 0.9434311346944548 1.8838551093250864 1.6731126930648794 1.044661594866514 1.5219938314110437 0.9995967438260467 0.5372058723106515 0.903066879373033 1.3228979334410678 1.8301738295495917 1.5316612628877562 1.467834741052772 1.6244815962347618 1.531278834242292 1.120891264145452 1.0585069129805615 0.6529185442876813 0.6491152927798142 0.8342591985019678 1.5441142668149939 0.5346222993597715 1.4730721935750173 1.744150806497169 1.1390632846846553 1.5051834852831858 1.6199359868975882 1.4358829756402944 1.7602519121393954 1.3341520803613853 1.8224871484771599 1.8801203534573783 1.0463980014882996 1.0610531086480035 1.0901380830646734 0.9984615237174075 1.4097692785407767 1.4931067084871148 1.3674256658492836 0.7056185582376984 1.9300098637922396 1.037054331703541 1.3413141160219495 1.7937678309132579 1.1160873294266767 1.9358181029397254 1.6621074427031959 0.9059102277769756 0
1.0419864632910703 1.0324682129603031 2.639419163360899 0.8056944283350024 1.917514147845021 3.22840649716463 1.8575454644059237 3.113673877703025 1.2985631671983024 2.7687986099527166 0.1677726238811538 1.9224140666305205 0.6737083809257874 1.0027199388639572 1.0963434602184787 1.5031818267470676 1.7599314620957276 1.2589069126606542 1.239459049277767 0.5374800384999115 0.7346244727008326 0.3516137506592684 1.6726859292277727 1.7880830278689996 1.8284154545491829 0.32371132378602624 1.9589493302469865 1.5753699996727797 0.4540185256964394 1.5383891704823036 0.922189682211122 0.545618383888028 1.0345691483197723 0.3174343199516232 0.7754976373812241 1.6089494265992128 0.7097998525968681 0.8133159037157962 1.4211506764551352 0.961970401432878 1.6526942625075607 1.4519919565420107 0.963069021254596 0.29003617106588725 1.288959250734291 1.6482311635375915 1.135744722788437 1.2139749235516433 1.79440635474127 0.6689045646638444 1.6311112184122556 1.291849232046429 1.3434215177806401 1.209277107732098 1.5594364576396975 1.9718027663404123 1.9074441633965915 1.322265806338481 0.5298704974892744 0.6296114029933106 1.2293972433543998 1.680422781065683 1.1796357016083798 1.9801253928973523 1.8699543148397333 1.965956120082089 1.81415961409099 1.7765050827762465 1.943839605106086 1.7976895834466329 0.716159679652563 1.9630721328551763 0.8606488646694094 0.7449023750209023 1.7596200060921914 1.3420144343034677 1.3865390946613725 1.240165391115391 1.4001261937470209 1.9852468224880397 1.7178899198469402 1.7727935897109663 1.1489962806270335 0.7033362574287442 1.8342548782154635 1.5564174207291253 1.9605513728014936 1.252962370042926 1.2618289641436387 1.0335207441384822 1.410716226026346 1.8220968615922952 1.0698126171127649 0.4071447146585414 1.4102907824484896 1.8124188147505358 0
2.2515587341095036 2.3498346834417445 1.2363601623574432 2.3440989411575295 2.375431623827898 1.5711398174213849 2.3380119234587373 1.6440380925478582 1.649430507542866 1.1740647149524073 1.8097961970799286 1.3145534195566706 1.8907258649740748 1.9323990096000438 1.1724252031251763 1.8129215394165559 1.4299353539586754 1.300527160532128 1.4018848232026615 1.9574652281264593 1.9905928192413216 1.893107061940804 1.4535895636304421 0.5386604554551623 0.26574234004160163 1.881580625638374 0.9900673638221095 1.781884250125185 1.7127091595087218 1.0612227090990003 1.9839126230409034 1.838817785488636 1.8215448659854452 1.7149705660162087 1.4988105546602712 1.0485240958135014 1.6723999685800064 1.7041410311002805 1.0730442567579845 1.8989555204916628 1.4955719212244223 1.8493307505675154 1.6741583840965075 1.6580334780712576 1.434524067313157 0.7901691687348259 1.9342375888003196 0.9723952695601588 1.5613704061746803 1.954600355239758 1.5944824352500868 1.7659371297692505 0.757353139675932 1.6718546318699419 1.4201337800265204 1.1781755297534735 0.8570440011607348 1.1432118492856689 1.7747392918146556 1.6083852497313051 1.9577938667868129 1.6529122419108488 1.7850420033049792 0.7984653012259353 1.3664381269513162 1.1172301765461872 1.5080857093399056 1.4126117711836104 0.6648282258410251 0.7827342662006233 1.9907313096962151 0.7901519394316937 1.2646880802820395 1.3361193993933573 1.5785661829078752 1.8573399245902058 1.890940835496534 1.1295162245503763 1.3874256916229721 0.8525455947066396 0.16692611112930725 1.6129650142927614 1.5211040772873017 1.7448253604940014 1.0578770823345907 1.8180470113300125 1.1711063214389064 1.6783492016519594 1.0759736488099434 1.898047980589369 1.765823254807713 1.5501836820740909 1.8370313207974103 1.8762857504938246 0.9301267220710657 1.043890895119983 1.7903063398315817 0
0.9125993054908519 1.8294187513626343 1.825655847665495 2.1497455454220358 2.315463310573906 2.9113026591925117 1.4201902063205298 2.4438594272506116 2.3231575025272453 2.115118554940037 1.2677690929010466 1.4409912319604619 1.5723395494578167 1.4930378591538784 1.2306659520512628 0.690611564347874 0.6089489954389753 0.8131476283817272 0.6734476086277046 1.3159562229175497 1.097389426189397 1.155504895152191 1.7878484984534309 1.294656194807834 1.7579167793427302 1.4412081016181284 1.1436402770116394 0.7981320666843194 1.1187814479922276 0.8790445345259821 0.9077390533549212 1.612818493922463 0.45952997675815993 1.6021834007220543 1.0937034490973396 1.979991956816391 0.9103120109839956 0.7599964398460823 0.9695634843350347 0.6108209742610687 1.7692352240527234 1.3515593594735487 1.83891636988088 1.5508000023628692 0.5591861606180907 1.1191000392537809 0.673291200230449 1.4000634025082526 1.3846120162239974 0.9605010245908552 0.42055793156048726 1.706883123939179 1.5598943264272387 1.834137010755435 1.8923234471049093 1.3412923554671807 1.1075073796882933 0.9789239904702516 1.6702779807151753 1.7729295068714226 0.9699623207584428 0.6849744863438447 1.7213151714020132 1.315626730643147 1.5606844839956682 1.531501650347993 1.4647983843840768 0.6425202719079137 1.7136759217161024 1.0886459120396137 1.1802591300257794 1.2627297788064624 1.760301108901577 1.667266764035939 0.7983932071849889 0.5294132047947278 1.2874059855924755 1.1007492394540923 0.5157818399138118 1.3047894402347018 1.714838562089132 1.253658115868053 1.9270638085297387 1.7453868516374438 0.8756819505716148 1.084511578019714 1.4910800993828264 0.20725678122508318 1.962336511294573 1.5696160028554056 0.31103615577219673 1.189696411467999 0.4417295966898299 1.5011644304714387 1.9713069413067437 1.865450246199017 1.3920742450477217 1.6568750074163106 0
2.028377386256979 1.7416918846693843 1.4209688410686034 2.5611425037206548 1.2924481898230196 2.7662210200546316 2.895209810160528 2.7109310652797474 1.812429837424703 1.5318029888772902 1.8803015763838062 0.3105294377017254 1.4934797649378861 1.2440954044811214 1.958076176717439 1.1941583289775712 1.249054369446027 1.8919093783127925 1.875404354217866 1.625378809865034 1.58902861882228 1.8170929238076037 0.4529430124510614 1.4950248867705853 1.1904334083140176 1.7108035566525963 1.020738546883618 1.075156732566119 1.9570689599212392 1.7463583394343127 1.5452186030673603 1.5877896846326984 1.7402602383133077 1.7828711653119769 1.9967086863736137 0.9713331738994124 1.9576549980762408 1.9207268299677194 1.832655967792683 1.689772047723297 0.4646718096254287 0.8359921528954556 1.3407238440821665 1.8618172993268558 1.8336559285627667 1.6678587027639382 1.4951285717586615 1.9021127447087418 0.38160151077875304 1.7123794038149271 1.3308212416788663 0.9340541514507509 1.8059241949455136 1.073268536011052 0.7198196025581035 0.5703890075425638 1.2474903041470102 1.8828489645866446 1.6241382909777458 1.6700767953123319 1.2616087349551526 1.1076369160984803 1.061314250669388 0.9977557872428573 0.08336173170412124 0.39606929888163117 0.2622804086224338 1.2274949850517678 0.7975744092455689 1.4810572758627054 1.5641245640924408 1.0821438911846548 1.8086483742796717 1.877079105922796 1.002377753892232 1.4016176160459268 0.9433077605048944 1.919468566325716 1.7714622179157054 0.9525173425624652 1.424527594295821 0.5462715219805622 1.2459029436045124 1.521710614522569 1.3501437041239077 0.8918788042996616 0.3807835726897285 1.719407090747225 1.4722154635167133 1.2039175145287375 1.4610387670777334 0.5901877084419568 1.7015898584910782 1.6628566494333352 1.384353732686193 0.590726028066324 1.8542584260445272 1.3617988666316492 1.6092397429374024 0
